20 20 50
1156 1830 3418 1136 2850 3284 3719 3307 725 2739 937 1287 2702 241 196 2474 33 1626 1779 1509 3549 966 2843 787 1384 1375 2636 2163 3286 988 1709 2552 903 1711 1553 3190 1989 3336 1212 1218 2096 971 761 2152 1426 3702 2871 208 773 2793 
1269 232 1991 718 2777 1782 2718 3334 2674 266 2483 1735 3252 322 1693 1184 2776 1310 2105 2136 439 488 1372 1428 876 1023 3178 781 1698 118 3713 739 2198 348 291 1447 2453 3665 6 1183 3974 3068 2083 1894 3753 3921 1446 3040 2877 3136 
110 3581 1799 2187 2174 286 2006 1267 1343 1836 2350 1649 3978 2067 621 3793 2112 2807 1655 541 3779 2915 956 1059 262 35 3892 2588 2262 1579 1922 2265 425 751 115 3921 585 1352 463 3528 3381 2846 2284 3635 2062 3046 1381 1588 3406 2450 
3037 3534 809 1273 1968 937 115 3824 1600 494 2846 1472 3986 3823 2325 1961 2248 3609 748 3203 1887 2989 585 2242 1452 1376 464 2246 2381 2230 387 2179 1593 2556 511 2567 3678 3454 2206 2892 3182 1585 2526 639 1649 3084 2668 3177 2460 1789 
2229 212 2681 1970 1968 2682 1719 891 3305 492 783 2274 3204 2904 2481 3724 3185 3376 1440 3023 691 1101 2765 1711 1070 270 1099 1592 2183 2283 2256 3839 3308 1973 3738 3971 374 1327 464 1887 3323 3826 1643 531 2007 267 3671 1997 2251 2280 
3621 1887 1849 391 112 1030 2103 3016 3349 1940 2681 3709 3753 60 997 1069 729 705 3438 2166 3580 212 2833 3736 2496 2660 410 793 298 2363 9 2668 328 3499 251 1419 2815 1188 490 3185 963 207 447 661 615 609 227 802 1208 3944 
3954 3960 1847 2758 2672 1369 3662 3320 2807 3644 3115 574 3352 2932 423 2475 3580 1306 592 3467 656 1217 2832 2774 2600 3703 3947 2948 32 98 3575 1788 1954 487 2362 1897 3524 2345 2679 107 85 2899 2361 3281 2733 2069 632 1145 2833 782 
2903 390 25 2845 3182 2007 2364 2199 57 1422 1753 1439 2579 1243 1526 3356 3304 2797 1457 1038 3318 3201 2359 3439 145 2672 1952 1440 2373 3499 1345 692 2687 3402 3692 1000 2942 1306 2033 668 2948 3177 355 900 1854 3097 1262 1438 3580 1425 
1843 3373 3403 2793 68 2867 1595 3559 257 1463 3623 1079 128 2828 937 3360 3578 75 2122 2797 576 3696 3691 3367 1048 1122 1023 2568 2989 3734 1481 1516 2199 2484 1692 2452 1351 758 355 1160 1911 1073 998 568 650 1257 1414 3918 3262 1068 
3962 3623 3434 3316 1491 2240 568 3198 2066 2650 3159 239 3511 3893 1482 2265 3231 3995 290 892 3947 2425 1235 312 3124 682 31 3799 2565 2774 3439 1229 758 857 2992 3950 3472 1515 3703 3106 3976 3917 899 2411 381 135 3710 605 1814 3291 
946 1072 1042 1235 2393 2598 1256 998 2076 3358 2265 2109 3954 2142 2245 2128 514 3642 990 2602 2714 3477 3043 3665 649 534 1632 3431 2264 2937 626 2105 3053 888 1602 2817 3559 494 3083 857 484 383 2243 721 3949 2 3103 1716 989 3472 
1223 2733 1235 2400 1975 3808 2549 1956 1807 2962 824 3072 3162 1483 3113 707 78 920 2558 117 226 919 1997 1412 486 733 1108 3080 2814 66 725 3629 3785 3491 1064 907 2678 3187 229 2551 1587 3791 434 482 336 1981 3103 2752 58 3577 
2466 401 519 2731 950 2288 837 1869 1374 3285 3959 524 2428 436 2287 272 3702 2582 3694 980 2075 2319 1524 3568 1090 3502 2329 2057 1808 1035 2264 3531 811 3491 240 902 2558 1790 3218 3012 3785 854 2116 170 1987 3910 3254 2859 3578 1360 
2906 1252 3854 1684 3493 2057 3135 2908 2809 3047 519 232 2100 1660 70 2593 165 440 776 1366 3551 1593 170 3466 2484 3720 1276 32 1349 2621 3074 1927 630 322 2613 3876 1513 1307 3403 211 2976 2610 3489 565 3128 3344 3715 812 3984 3148 
2996 2391 874 2868 1296 3565 3426 2660 21 3350 2229 3517 1423 2720 2600 69 1279 2638 2998 3204 1163 2113 3931 907 2746 692 3101 753 812 1694 3643 3363 891 3580 343 3555 2100 1755 1837 2769 3074 2341 2925 2349 249 854 235 2385 3449 2507 
1842 1900 619 2675 840 455 1527 115 2943 2375 3702 145 936 1827 1047 2158 85 2016 947 3740 3897 135 2635 810 3417 741 2957 2291 1539 1323 3516 495 2259 2062 1269 3279 3565 1776 2739 3979 1062 2549 3976 1988 69 1173 3366 852 1898 1639 
1204 1509 1870 441 554 2564 3634 3843 115 929 3152 3405 1659 1254 754 1107 936 709 3915 472 1662 2839 1666 1793 1534 2057 2771 612 3670 1471 1172 808 252 2840 2636 3200 2662 1222 3882 3045 244 1754 2575 1992 1534 947 3399 1419 1761 179 
2119 1228 535 2486 1596 2632 3241 1823 3886 141 1383 3800 2182 2141 1951 115 1547 2575 3934 1231 3758 2776 834 3739 1806 2467 2967 3987 3014 766 350 3424 3333 2021 2120 2808 2661 2073 2414 3228 2461 3943 3089 1233 3858 1975 971 1344 2771 1301 
2535 1869 3733 2077 2234 2479 1810 255 3736 1245 3782 3479 1052 2164 1553 2556 2681 3003 2771 1941 1608 1183 880 3124 516 2891 1511 918 2647 1231 3162 2386 545 67 2594 1225 114 3830 1984 3096 2613 1944 2989 3437 2454 1621 3201 2152 652 1127 
2132 2788 113 1924 3289 2998 1245 3952 1786 1232 711 1738 2210 2831 3248 2722 583 3781 1944 3382 3172 1874 2584 3021 730 2253 2615 736 1535 3927 1572 1302 2700 2932 2926 3397 2669 1270 985 3513 3129 78 1648 2077 410 684 523 1193 3812 530 
2756 3604 3067 2780 394 386 1455 1102 3848 2199 1340 3579 3149 3493 2093 2525 2926 2016 1213 258 3550 864 2173 1190 1777 3274 530 662 3793 3974 3594 252 1980 1364 3343 351 3881 3785 357 3096 263 1449 2119 2025 3289 361 3913 2955 2951 1632 
1976 644 2450 3885 3836 694 1433 2277 3494 3790 866 418 864 503 2636 1420 3199 3559 843 1366 2031 2950 1628 2916 3602 3765 1494 192 3514 3556 1776 631 2805 2495 1455 2540 527 507 1857 1601 2069 2706 3596 245 309 558 334 2761 306 530 
41 2134 3207 3498 3395 418 3324 361 3279 2810 1432 3753 3452 1541 1156 3840 2737 3529 116 264 3015 723 503 2330 1911 2912 3297 3602 2595 1410 2317 3397 2787 2406 2441 3799 1263 1136 1976 884 3149 1195 2286 3100 1558 2933 2639 2344 2670 770 
774 1304 1177 3095 2122 1374 332 329 276 995 3384 1695 755 1862 884 2584 26 2654 1019 3178 32 3992 2876 156 2693 1054 3303 248 1083 2087 2000 2224 1805 1959 2286 1852 53 1410 2590 1338 1907 608 165 3285 1956 1204 2406 561 2860 1518 
2868 2365 804 981 10 2100 224 1298 2595 923 2290 465 1604 1935 1883 2962 312 3195 3806 2226 2693 2538 429 3393 1638 786 866 1034 2556 3344 2255 1962 3073 3315 2959 3384 1244 2816 156 2842 2915 2304 2631 929 2561 3713 409 161 3232 916 
1108 3806 120 352 2320 3247 3682 732 1330 793 1500 2213 928 1301 2643 1726 1245 2711 1149 531 143 110 1522 3443 810 103 1504 433 3351 1796 1096 1244 3982 2434 3748 3910 884 3925 3044 1392 629 2049 2515 2842 469 3318 1054 950 41 353 
198 1803 1800 3804 1429 1696 2483 1673 1355 1407 1934 268 1724 2850 905 3228 3579 3574 1301 2209 3649 1045 347 3128 2847 3679 2331 3012 3211 365 3597 3536 1722 1586 3830 164 3662 3821 1244 3327 2322 3302 2628 2924 1864 34 700 1362 3912 3990 
866 3282 2125 3998 213 435 3261 882 3864 777 1972 3017 1364 2440 2983 2636 3033 3227 1752 1932 932 1171 558 2624 1481 740 2959 2001 790 1429 2946 1277 3277 2885 1362 1917 2480 2460 1192 3850 2121 1881 3516 235 954 2724 3302 1534 998 3852 
2769 2687 2186 1529 1083 680 702 1972 3685 1946 3033 3948 1299 3282 513 1666 506 2270 2277 3565 2122 3085 3504 1564 2561 1200 3536 105 216 1163 3539 830 1362 949 338 3984 2023 3665 3926 3879 3261 3897 2150 3168 3008 356 2824 507 1769 2078 
131 3453 2354 3535 3775 459 3234 2013 1288 2914 1968 3747 3965 947 119 231 2831 584 2531 3032 3106 2411 3522 3867 2930 1084 3681 3295 1865 904 3542 155 1833 338 2561 275 3635 2714 2325 3915 2331 3536 2375 3147 2962 920 520 2593 2554 483 
899 3875 2337 1718 3515 2325 825 632 2632 814 1834 3850 2364 3575 2767 2620 2677 1274 1761 777 589 1865 999 1292 3866 330 1036 2835 1213 1829 3863 3077 3650 2966 2400 1486 573 1114 1244 500 3772 2713 2881 3901 3234 902 1633 1846 3505 2890 
2587 2332 1068 1325 737 2166 1470 1633 668 2284 3774 3873 1331 1042 1486 3030 3866 1321 334 2209 1894 1271 239 80 2940 2957 1315 292 1571 620 1217 722 3648 1572 66 2635 127 3565 3234 152 675 511 2687 1105 879 3419 260 110 2839 1742 
892 3152 2151 3109 2059 1829 1005 2659 2991 2733 468 2552 700 3177 3228 694 127 3818 1663 2027 2131 2056 2306 3859 2719 1859 428 2158 2057 2082 908 1105 3482 2174 59 2418 287 3511 290 39 2123 760 3167 3414 3058 3565 69 2637 1042 679 
2927 1987 2674 1428 3652 1901 3850 3126 2099 1743 3911 1792 3887 827 50 2014 140 373 3185 1260 3235 3446 3304 1073 1773 3771 2015 2151 3177 2553 1746 3237 1841 1109 988 1651 1050 3764 2606 1159 2858 209 1111 3903 1352 2542 3262 2656 910 2820 
3675 1909 1734 3237 2517 3318 3982 2346 1362 2730 1580 1352 3965 1068 484 222 1402 2870 2471 2036 2656 523 358 891 3335 3108 2860 792 851 2257 1608 2989 1112 3302 3708 3508 2666 1029 3689 627 1983 1369 2489 3805 3595 3754 3633 2437 1868 3937 
3440 3626 3332 2983 112 823 3857 1983 2879 1940 283 257 2496 2837 727 3932 2427 843 1379 742 1090 2752 3393 1104 2769 2597 921 2625 2873 2669 325 2617 3937 748 316 3232 2890 3785 1139 1917 687 3746 808 3884 1996 2477 3742 2611 484 647 
2038 1327 1852 596 983 1821 209 2496 776 2344 2871 2700 3333 3131 824 1666 2885 2767 1408 601 2515 2218 1891 10 3848 3732 3604 1226 2811 3484 3212 2381 175 2991 2644 742 3742 1836 3530 1639 2584 174 3956 1936 1171 666 1890 1431 1982 25 
2993 3118 717 2697 1681 1709 3180 1895 1100 20 544 3595 3939 3199 775 1658 1672 3063 2790 1097 3721 2867 1032 780 3011 1472 3674 1891 3512 2565 928 1435 3377 3824 1263 1678 3245 3387 2329 1588 632 1975 2879 1431 1255 3040 316 2043 1935 3048 
1675 1889 545 807 3145 3270 2011 1588 2300 1542 591 1107 498 2557 194 2898 3294 2085 24 3990 1943 2985 2653 3750 3992 1997 892 73 2679 1097 1259 3844 3832 39 1598 3048 3721 2743 1747 903 2944 94 1214 3801 354 2753 742 148 2495 2502 
1763 3701 15 2650 1981 1671 256 3881 418 3696 1694 394 2438 1436 2192 3614 2007 3533 2262 1309 2030 3335 3446 2878 2227 3042 579 2249 175 2707 3383 3735 3068 1140 2985 2380 3445 1332 985 3202 1193 2194 3515 2942 807 2329 1107 1678 2865 393 
2410 191 2462 249 3517 3139 2329 2877 2526 3369 1053 1952 2318 2137 124 866 1280 756 2449 2377 289 2263 1268 3429 215 2157 560 1995 3626 3895 518 2984 1590 3500 2548 2203 1525 2192 1309 3146 2918 2033 392 1809 3722 2595 827 2966 647 2560 
2033 3305 3264 955 3207 2306 625 2086 3024 3802 756 3165 3877 3067 1809 1917 3740 2396 1631 3510 1712 658 1586 3458 2549 2505 2308 2658 3709 2512 2884 1477 491 1553 1475 799 399 495 3756 1603 876 1399 1590 1773 3778 2372 2473 1938 1688 1039 
1281 460 3189 2185 2864 2414 351 222 1064 3467 201 793 1220 1682 2162 166 973 3579 797 3181 371 3190 2429 2621 104 2656 3895 1567 1273 2133 3510 2964 3336 488 1529 2396 1140 2701 2549 670 260 1409 1238 764 1340 858 2861 3956 2243 2473 
3170 1027 2032 3870 2722 796 243 1656 3570 116 869 3566 140 3357 1674 1977 2864 3415 1098 1757 3131 721 2736 2021 2444 500 3489 1818 201 1424 2857 3432 2671 3685 302 3949 2789 858 1255 2814 813 2639 42 3882 2648 3832 3614 223 3974 1236 
1170 3151 1375 1312 228 880 2424 2992 224 223 3546 1834 1959 1407 1206 1775 2431 686 858 2141 1537 655 793 2316 2893 1021 1620 966 987 3025 1960 6 3131 3249 229 2584 1725 2340 1817 1028 1083 1802 1796 1760 3465 2656 3216 1389 1239 57 
3218 1775 2825 3654 2815 1620 3280 406 996 2522 689 3930 2897 2403 2015 3485 2247 3172 1501 1350 205 2883 3741 2046 3019 1257 1697 563 2587 2819 3190 268 2067 946 2831 539 90 1447 1256 176 3385 549 307 147 1423 805 2037 1585 1455 2510 
3249 2635 1727 2368 3451 1978 2727 2742 351 2363 2131 671 1044 1812 2324 3652 3474 2617 2247 139 3200 1862 3218 778 2425 406 219 957 3756 3480 1429 2870 3108 3655 2067 1853 3885 279 3595 2018 888 1558 679 2175 3632 2643 1313 2381 1479 1950 
238 3076 688 2382 3376 3330 1467 3463 3035 1554 2617 1191 1812 3260 3403 532 2865 653 1344 1634 2469 3540 2158 2263 258 3369 990 2519 504 494 2114 2969 3213 1399 2508 3367 2740 1806 458 2820 1637 2355 134 348 819 3627 2386 3070 1798 2643 
309 2006 2531 1369 2333 1635 1722 432 3176 2205 1651 3838 181 2060 1042 3243 3432 795 100 2834 106 1063 485 3713 772 2523 2110 1008 3256 819 1399 322 3358 2340 1538 2052 3102 1459 566 3679 3188 2663 3679 2756 573 3239 2659 2458 3543 2277 
2982 3241 3398 753 3057 3363 322 1506 772 1688 1882 1390 1906 3999 11 1824 1921 1793 3770 2672 1984 843 2848 3132 1788 850 1422 1359 2327 247 2533 930 1064 1469 1175 2423 3032 1895 1250 2701 2525 376 2646 1370 1236 1440 1850 2388 869 3291 
1463 82 975 3578 3030 1281 1873 969 135 2957 564 2856 3415 3289 636 1091 1337 955 3574 2901 2996 3551 1630 90 669 3575 1046 1359 697 3461 3394 3240 1480 3904 109 1778 3987 3193 2652 2695 1895 2247 871 2709 2669 3624 1162 112 3568 3831 
3924 3080 3732 3789 660 3485 1095 3325 2855 3540 1790 1364 3644 3765 3615 14 829 449 949 1348 1564 3193 1359 2354 3883 3323 978 3963 1988 2489 3328 2398 2103 3100 1186 2843 3394 62 2123 1265 1133 3347 1850 29 2540 1883 107 3186 1185 1204 
3861 268 3352 1356 453 2084 196 2825 2374 873 62 3748 2660 3069 2056 3541 1117 1680 107 1959 3361 139 1334 2952 1914 3378 1907 364 3363 390 3044 937 15 1186 679 3757 3863 3591 250 2184 1986 387 144 3316 2037 1082 3934 1929 2506 286 
3275 3541 467 3234 3830 3731 3254 296 3960 1335 352 1600 1799 1922 3292 1422 2607 1991 2440 1383 2178 1116 1274 1121 1657 3435 1770 83 2068 3112 3013 3966 718 179 279 2910 1364 2283 15 2912 1371 3735 1818 2517 2437 2033 3549 1154 2037 2769 
101 2156 26 1770 1047 2056 3670 1739 3493 538 3155 2076 485 788 3177 3446 3026 2359 2573 731 2609 361 333 434 2736 1764 1090 2068 3737 1290 1640 3339 3211 3407 1545 1688 2575 3293 2671 532 1395 3225 1393 3836 2844 672 3141 83 671 769 
3972 2950 2749 1297 1999 2400 3263 94 3203 458 3739 2325 3359 214 1015 52 1546 3604 15 752 2426 421 750 333 1353 1407 3186 822 2635 3694 3639 837 3645 2285 1541 3757 793 1899 1395 3903 2044 1047 1716 3430 2932 7 2087 2795 471 2812 
3136 1047 2171 722 1430 65 3182 2405 979 2466 2578 1755 1639 15 2363 3451 983 3265 1186 3010 509 1418 2553 2021 261 2423 538 2025 2196 78 3736 2738 2712 2681 2990 219 1909 1693 1663 1022 2462 3314 3582 1968 1899 3757 425 3495 1265 1088 
2065 3536 3689 2145 2136 3651 3056 842 922 2750 3004 2047 2297 2361 377 1222 410 2320 1746 9 1371 1848 1330 2804 2282 3199 1269 1755 2525 2175 1129 504 1574 2262 1226 2675 1627 354 2696 2059 2887 1422 2366 2137 2474 31 3612 1998 2802 261 
1510 823 2434 3004 1500 2099 3996 743 3490 2770 2186 3851 3268 2276 2621 1081 975 1027 2696 2280 2012 2176 1755 845 521 2762 2252 3517 1366 355 1155 1066 3260 798 3321 1079 2336 2112 703 3864 711 3414 333 2499 2751 3191 672 602 1282 2243 
3950 2271 2575 2647 1510 1969 1222 3852 279 3345 210 3260 3241 3666 1701 432 3726 3600 3758 3246 3339 217 1565 1755 673 2653 2131 2075 1091 1713 2013 2864 3136 3667 2738 3079 742 1713 1760 3447 1436 2024 573 1281 2860 2044 228 3526 2377 1195 
3013 85 2654 1239 3527 469 1770 759 1741 1582 2031 1911 1317 3843 3659 1755 3570 273 3526 164 749 2905 436 1103 86 1048 2756 3331 162 2297 3141 3283 3531 552 2103 3186 36 380 3674 3290 1639 2078 68 2832 315 3450 314 1634 3721 2431 
941 760 1513 609 1227 265 3204 1751 1800 3186 1795 2693 1762 3653 659 325 1499 2540 2844 505 3602 1518 2645 2819 2724 1876 3359 2378 3088 793 2620 121 115 1610 2820 1239 422 483 2517 2429 3163 1578 1482 2869 1029 3063 934 596 291 2832 
2687 797 1258 2901 3574 3119 988 114 844 2494 1079 365 1163 2928 2796 3018 1527 2713 2557 1839 1543 3086 2 513 2125 1322 10 1491 2576 642 3545 1942 2782 1751 2724 422 2399 1010 634 2994 770 2935 3848 1401 499 1341 88 3990 2578 2081 
2582 1189 2390 962 1449 65 887 1609 2928 1182 1810 388 2859 1454 3962 3307 858 1208 2125 3971 1725 3396 1762 2393 1676 2687 3682 2414 74 462 3270 3731 226 2323 628 1015 3104 1316 1218 3298 3380 1378 2263 3983 2996 1061 1040 2597 658 3547 
3104 1639 1866 1362 39 1932 3807 609 2129 3027 722 1048 3042 3452 3585 19 3953 1915 3734 1599 2903 826 3009 3094 3901 1028 1609 2995 3665 3586 2201 3280 3535 3183 2157 3020 1208 3670 2282 910 3024 482 565 940 2273 2235 1585 890 1682 879 
2245 3155 3923 1996 1907 2009 2970 953 3088 3628 102 1477 1949 2088 3100 1272 642 2406 1097 3568 2273 1905 192 2888 2979 1103 2354 2309 1455 564 1916 2886 3937 783 2201 3686 1301 2945 653 2495 2808 749 2353 2921 3307 3605 2455 1027 3665 2444 
921 749 519 2931 992 3881 3623 596 3970 397 2817 413 2787 3643 2501 3792 3429 3671 1801 656 1907 3686 1134 756 1713 843 2977 1867 110 2035 1802 2888 125 1658 1835 2998 1930 3960 1004 103 1961 3934 3783 24 29 3378 1190 904 745 778 
28 2465 1640 743 2977 389 3509 1467 3912 3670 1729 3413 2284 1992 3407 1406 340 1955 2864 1209 2159 3578 2035 156 784 1111 2582 1135 2564 2913 723 2897 1658 3799 2974 3443 3386 2165 1526 1121 45 1726 813 2742 1451 2627 2205 1410 3429 176 
2372 358 3074 131 3410 289 2315 2178 2927 3389 2666 1288 71 156 3656 2060 531 2977 680 3905 1911 620 3611 2483 317 3757 2353 2515 3354 3482 1255 559 694 703 888 1033 3235 1447 2437 712 2370 3034 2683 3386 3577 114 2715 1475 1526 660 
3905 2125 3952 1492 697 2207 1887 1505 2289 1565 2944 1135 2779 2645 903 26 3709 3414 653 703 574 3357 2150 533 701 1636 2417 191 366 3240 3428 2060 357 1110 380 550 3304 3025 1408 2947 3777 3235 1647 1637 3990 2031 1988 2708 151 3530 
329 1226 3239 349 521 3663 310 548 3650 753 2757 1627 3868 2014 2425 1871 1483 2689 911 3381 2712 2538 2060 1002 2905 1506 151 2231 2414 2969 227 1081 3514 2766 571 3642 1670 3465 3086 1416 413 943 3355 1083 42 2181 2185 678 2779 2084 
1855 3903 3803 2940 2558 358 2960 1778 2045 2060 3866 1219 227 3137 200 170 1301 1450 2786 245 1215 1027 895 571 251 2752 2362 3822 2326 2059 1794 337 281 2190 2681 3703 1213 3498 915 3167 1756 72 1228 3440 2851 971 2426 634 3804 3206 
580 1807 1769 1308 58 3167 1971 2554 1214 753 269 1409 1349 3343 814 3616 3665 1955 2760 1714 3707 571 3186 1781 1731 2231 2781 1448 470 3670 2617 1578 2325 2863 1318 2388 3816 2748 2878 2694 2558 947 3477 1648 2786 516 2956 1890 3740 979 
967 2381 3795 3283 1452 3782 3363 412 2027 865 384 2741 3343 1598 471 1495 2459 634 1648 1980 1521 2260 655 3183 1108 3558 1018 511 2655 463 3063 3285 1594 2623 2501 1072 1636 1120 103 765 3900 258 2719 440 2099 2020 3681 2558 2087 2507 
695 2990 1747 1982 820 2325 1340 2644 270 3308 2623 302 3476 3795 1826 774 1705 3933 1583 1025 1249 2042 1419 314 1067 853 3244 2045 2367 3742 1211 519 381 887 627 2428 463 1291 1031 602 3899 690 685 3724 1106 2870 2588 1186 2715 330 
862 1569 2546 2950 1816 1095 3692 3924 3445 2026 1371 1676 3630 3933 3997 692 48 2456 2836 3793 2432 2851 3134 1685 2390 2325 544 2042 774 2167 2503 2174 631 1977 470 1798 3764 1595 146 3955 3262 3314 1740 1105 18 1060 808 993 1279 454 
3757 1429 3836 1240 2233 3630 1380 101 1153 651 661 1892 3355 151 171 2242 2256 3149 2489 3817 2353 1151 99 2417 1174 1191 50 2089 1909 3331 1912 3933 3572 2078 3928 3871 2056 1331 2630 550 2323 3394 3955 351 1069 470 135 199 2546 1754 
230 2775 2869 823 634 3248 768 3278 514 1240 350 1872 661 139 12 1945 2437 2253 3736 3316 2810 2273 3626 1134 915 2233 2001 1706 1051 2660 1529 1273 3835 3109 2784 2768 3525 1825 2454 216 3965 3346 1909 1620 1550 1338 1270 981 746 641 
484 2565 936 1449 948 2127 110 1264 2402 71 2221 592 3339 1725 3233 139 2784 190 2872 3200 1483 147 1058 486 518 663 1923 849 1624 3090 2725 1966 2304 3804 1669 1482 3170 761 2124 499 2042 3109 3560 2516 374 502 3418 102 3546 2580 
3511 1002 3470 2738 2699 1448 243 2032 1109 2258 3416 3478 2846 1716 1644 148 1323 1744 2314 1861 147 2193 3872 1449 102 3981 3057 1540 2235 867 1554 119 3575 339 3000 1244 3545 993 1216 1421 2261 1704 346 865 3369 849 2470 942 65 3528 
1432 1323 2231 3926 2261 3558 1377 963 1460 2168 1171 3528 2336 409 3464 3910 2701 3464 1678 42 2918 2238 2217 92 1312 1954 3482 35 1965 2307 619 658 2333 237 1271 3964 1929 2433 2131 2853 2553 3754 3194 3924 672 339 3656 1551 2912 1039 
2180 35 3010 3761 3569 675 66 3931 1211 3477 2675 247 309 2988 3970 2236 693 465 1978 1596 2108 3633 45 2135 2476 1599 3284 1423 469 2912 1617 199 623 3666 420 2548 999 442 485 2308 803 1770 2759 1027 655 2716 3741 223 3116 3295 
3326 3946 3728 703 219 1345 2844 3581 586 710 1315 2287 664 1080 1070 1128 1033 3477 3222 3855 860 1001 3666 2226 2996 1331 3071 2857 1977 78 3121 1492 2603 2512 26 502 777 2411 1613 2765 3134 987 1041 2433 1654 2473 420 144 531 1089 
2767 1325 1270 2042 1742 3548 3986 3252 3824 1765 2707 2337 676 2812 2073 3611 1908 3071 2369 1822 3283 301 1235 2025 3340 1166 851 2723 995 17 1447 2473 938 2361 3381 2300 1347 2326 2777 3295 3462 2352 2326 2249 1788 3217 1552 1251 3850 1345 
2516 22 3144 1490 3818 1438 674 1120 187 789 173 67 2765 1638 181 1810 2569 1335 3982 2054 540 1698 2504 595 604 2792 2824 1061 159 2391 3436 881 2400 2295 407 1045 3167 2510 2607 742 1360 1354 3986 2686 2462 3227 2184 2361 3653 2219 
143 1590 2950 1993 1748 3493 2984 2733 3159 3433 804 3196 281 2182 1681 674 195 3525 372 1222 1121 3253 3167 599 1712 3206 3979 1448 3769 2094 1412 401 3255 2145 1698 2995 3986 1354 2965 3164 2833 3438 1280 1651 3600 2262 3413 3249 203 1138 
1352 2398 1755 2356 3003 143 3982 2098 972 1393 2813 3563 3914 1094 15 943 2784 3591 3008 3076 1396 3215 3268 1512 329 3261 1124 1614 1628 3969 1685 2876 3196 2771 1579 926 3511 2755 483 2884 1743 118 225 1796 1182 3767 2877 3493 2309 493 
2448 650 682 1966 2054 1219 2260 1286 388 1194 3499 974 3758 316 1768 3201 2781 1511 3633 1124 563 888 2036 730 3198 124 3688 2165 1268 2787 3226 3077 2244 688 713 3215 29 3981 1928 1962 1842 682 143 3932 3993 3927 3274 689 55 2284 
271 137 1851 3599 3132 1892 3688 2376 3337 2680 2683 2946 2039 2757 514 3575 3591 158 2027 3846 340 2899 1252 292 1395 2485 880 3373 1511 3227 2200 1058 2903 1163 112 3267 1167 2877 2274 155 2715 1789 3569 1219 209 2040 2121 1380 3070 276 
1443 741 3780 3642 2106 1309 497 3722 2123 3154 1180 3630 400 2767 2205 1978 612 471 1015 2683 1032 3867 1789 3920 2559 3388 3503 3804 1962 1867 3709 3115 137 1106 1429 3625 2118 1065 1348 3238 3059 50 683 3899 938 3016 2571 1643 3439 2243 
1062 118 392 2085 3637 1589 1241 3140 3223 2486 299 42 1265 3323 2559 1914 1962 3624 2264 3487 563 476 3462 3555 427 1916 3059 2182 1325 2487 2029 182 2340 1521 2431 2959 2576 1786 3235 75 3645 767 1771 1682 1661 359 886 810 3804 3170 
3344 1226 333 1900 1703 3933 526 3017 2551 1548 125 1693 1312 15 1588 3885 2105 2264 3834 1179 3967 3897 1654 2800 2372 1772 3770 2863 3206 648 3334 2946 457 3811 699 1830 3342 3620 392 3746 1753 41 1031 1265 118 2640 578 2946 2339 629 
596 2746 3200 1486 687 1673 749 1844 457 2210 2755 2330 1139 1068 338 3242 444 2204 2537 2484 3017 1056 2678 2717 763 2565 2065 30 770 252 3417 2475 683 1169 3148 526 1378 834 910 1413 1047 3453 2756 3207 2226 2568 2521 1878 2817 880 
1269 3082 2894 2065 1723 1057 899 479 1394 192 1952 687 3584 2857 2487 2454 2283 2207 1017 2888 3729 3555 1586 3393 2755 129 1208 2721 3417 2546 3587 3152 3814 1581 3956 534 582 1030 2902 3188 1259 2059 2547 2731 2294 2875 3720 1316 2206 2302 
1610 2465 3642 19 1411 1837 1087 1952 3520 3979 1293 2441 3020 3039 414 2768 3362 345 1064 2224 986 1230 1502 3861 2527 2683 3720 2260 1259 2382 1039 2285 3787 2945 3517 3660 3697 1112 2554 2542 2622 3106 3121 1997 1633 1242 470 1984 2894 3700 
1875 51 248 2009 971 1729 1511 2745 2506 341 2105 3511 2732 3113 2099 3119 3697 2014 2686 3762 3720 906 2040 145 3045 3622 380 1647 1079 676 2512 3075 785 3210 364 3407 3364 1038 1505 3910 685 2835 3787 1423 3274 1773 3642 3098 3000 621 
2584 1671 3642 3679 3904 2396 1119 2568 1957 3554 1347 288 3658 2628 3611 3665 971 480 3573 3446 2348 3361 1238 2290 12 885 3873 3078 732 3280 2155 2965 2095 1493 1242 2435 752 2992 3089 3136 1186 426 2410 2574 2586 3210 2172 2238 3248 2764 
310 2222 1778 3027 2373 3047 3143 49 983 1745 88 3817 1697 3035 1690 729 511 3705 1186 2566 1141 322 3186 2556 1879 3372 896 712 2227 3624 443 1488 591 3843 2552 2228 923 1985 266 3458 586 3545 37 1752 288 3805 2095 2382 830 2656 
2228 2918 1849 1461 3027 1009 1538 2877 2694 1859 1758 2173 3198 2896 3187 3552 3638 378 1095 511 1131 1621 1354 808 3619 3488 3953 1117 1646 1168 1931 931 1453 583 3184 3629 119 86 288 2886 1403 1757 2418 59 2529 1092 3916 2473 1152 1299 
2634 2085 1769 1859 1910 3040 2261 2718 1344 1433 1166 486 288 2293 2238 1101 311 579 1085 3518 2708 2890 1080 105 337 1025 899 609 1116 3460 188 1932 2911 2443 420 208 2704 3093 1314 2167 2986 500 2499 3552 404 3139 1320 1194 1958 2042 
1958 884 2506 2356 637 3554 2421 1097 3294 1960 1821 2993 807 848 3034 3347 1164 1784 292 2745 2544 2718 2349 21 575 3323 88 2851 2459 1540 3103 23 1888 2582 796 3824 1071 1381 3038 828 299 2443 3934 1160 484 578 1220 3374 1708 1689 
1656 132 1866 74 2391 572 2014 1957 364 2648 538 1773 2603 5 311 270 3080 2358 3435 250 2475 2641 3644 1791 2136 2356 2517 3091 2585 908 3858 2521 3453 86 848 1139 2172 2689 3280 2633 1148 1525 738 88 3090 2083 3163 948 796 3427 
1148 775 3952 258 1437 778 1689 1919 3961 2603 442 3685 149 3226 1137 3974 2989 3596 3406 2521 2925 1946 3277 1435 3886 2538 2272 493 3184 3889 3735 736 1525 581 2582 2159 526 326 2216 2779 2079 365 2035 3813 2518 1272 2916 1936 1450 328 
384 277 1646 2786 1832 2004 809 1554 878 2538 1100 3951 585 823 3427 3749 3589 1800 3511 26 3109 258 2404 1349 3081 960 876 3632 587 3184 3596 1933 67 1933 1254 3088 160 2720 3875 2286 1659 765 3718 263 2984 779 431 2371 652 3722 
2629 2721 2706 2151 1179 3340 3554 3256 1546 2571 1235 1118 2186 2039 3749 2975 702 1234 1330 1967 2718 3652 3420 2379 3075 986 878 1323 3372 3821 2017 1700 2232 155 72 2562 674 463 2271 3892 652 1822 1766 583 2682 65 3450 399 2516 1897 
2 2706 2690 851 2152 2186 3630 2235 2392 3642 2812 3143 1088 1422 428 1872 2293 3828 2713 3558 3944 140 3656 1266 558 2465 3930 2373 3750 2479 1724 1360 2649 1760 1293 2370 1323 753 1136 652 782 2886 3213 1542 1761 805 1631 2857 2486 1285 
1043 2590 351 3836 150 30 52 1661 2452 884 678 3694 3195 3417 2029 3126 83 3101 3328 2083 1870 2307 1761 3664 424 3313 367 119 3827 2368 2812 1724 610 1024 3517 3335 1570 2142 2486 33 308 196 1302 242 366 3144 1141 756 224 871 
3210 83 1135 2029 2106 1924 1260 871 217 2090 2044 984 3466 1957 3096 799 58 3211 3717 3791 1435 1946 3139 511 3020 1426 524 1611 1912 3496 2136 3725 274 404 397 3525 1043 303 2896 2932 2361 576 3326 134 3241 1920 1790 2421 539 261 
2715 2317 1077 485 1053 2568 1657 1727 2265 314 2676 3912 1126 2463 524 2589 2125 1260 1686 1611 2422 3904 172 3814 1537 3896 2549 2073 1797 2631 1238 500 2932 3876 507 348 2237 3854 1218 3795 132 3618 2462 3536 3566 2904 2196 1899 678 753 
1544 2341 3904 523 699 1797 251 1750 363 3879 197 1937 872 2527 1488 692 382 214 1217 2003 1636 2357 1757 2026 3885 990 821 2622 1180 3047 2408 18 2737 1813 2409 2311 379 3887 2645 2214 2704 3081 242 2492 3566 884 2589 733 2794 2211 
3857 845 2563 1934 242 303 3871 825 3226 2805 858 2660 3764 2464 884 2163 162 2813 831 112 3797 1935 716 1962 2623 2285 889 1756 2714 1575 3801 3178 3698 2722 2792 3715 2160 3051 604 812 159 2211 2943 617 664 3807 3324 318 494 1628 
1809 2829 2136 731 1862 268 783 884 2939 469 3200 2904 806 3156 2293 1154 456 919 1754 696 1601 495 342 318 3129 493 3187 920 3369 593 3051 1770 62 1041 385 900 2594 1671 329 896 889 1746 765 3658 3385 3501 712 2571 521 2309 
3894 2091 141 2743 2501 2925 196 3101 1094 127 2856 2367 2608 1427 285 1360 3369 3832 2678 696 36 3923 3728 1746 2297 3444 2600 3920 2427 757 2608 447 1891 3585 2658 1723 2485 2700 191 1696 122 2629 1869 3593 684 769 3919 3669 1262 914 
3723 1221 2481 945 122 1957 2753 1571 1704 707 1229 462 3588 2209 2479 1354 3690 1499 3126 3194 463 378 321 1138 3868 3989 3736 1829 3369 1869 2235 3618 1095 2335 1979 3201 3359 2350 2117 818 950 2085 440 1933 912 1489 2486 2235 3045 1220 
691 854 1311 3356 130 3481 910 391 1607 1975 788 440 3255 2539 3735 3872 445 1245 2476 1829 326 222 405 32 2007 2887 3588 530 181 2853 3091 1267 2770 2630 895 3700 3621 541 2324 3404 884 2155 392 566 399 2091 1099 3405 2305 3790 
311 3931 763 2707 3717 2217 1492 3255 486 777 812 2925 2017 3535 3423 3576 1370 895 515 3186 983 2217 3160 3331 2051 2268 471 3048 2944 2539 2688 391 1648 3681 466 2703 164 1126 3974 2056 1026 2374 98 3020 1486 974 1783 1154 3394 404 
947 742 2707 2321 2870 1081 1521 3631 2927 336 3928 3710 1318 3640 3277 2725 765 1063 1630 2622 1531 690 3427 3611 3177 3692 2488 2159 665 1586 438 1812 3197 2268 3621 832 1642 3151 2685 1154 3546 2743 2673 2052 2956 2130 3783 530 1662 3455 
1032 2117 1010 1448 407 2128 1745 1690 3252 960 1910 1354 1756 3746 3455 2156 2925 1957 1117 1187 1462 1702 2800 3149 1431 2294 2387 2561 2474 2897 3347 1531 3506 3768 118 1667 296 3710 901 1860 2441 581 2192 2743 3428 3724 2197 2446 3431 1432 
1576 2265 3315 3453 2561 1333 3348 2459 3301 2461 1766 16 1562 710 1937 2194 151 705 2578 2563 3889 1985 629 259 499 1703 1645 2853 2878 3648 936 2655 3258 1745 2643 2673 1448 2190 1910 605 809 306 3345 983 1254 3497 2525 3853 1686 2155 
197 322 264 2349 1884 173 3512 633 557 2511 2349 1176 3811 951 2982 2092 1759 3889 939 1973 797 3867 889 3666 444 2352 1542 2466 2506 1943 2793 3517 151 525 3641 3754 3043 2150 2835 1218 2590 3090 1228 3453 504 1606 2239 1687 410 1852 
1991 61 3437 3706 2561 2316 514 3435 2276 1065 951 472 509 3654 2352 3407 2789 3680 2738 2586 3323 1701 5 772 2329 1674 400 2404 2975 3130 470 2249 3284 639 1556 3343 3052 1697 2366 811 1117 799 2321 230 1046 1020 2843 847 2583 3230 
2292 3804 2113 3169 2924 2082 2924 495 740 976 1217 1888 1398 87 3323 1701 1207 1669 571 1329 1713 2943 1383 773 1671 2545 1988 2271 623 3726 2897 3654 892 482 1187 941 2076 1078 2782 2321 3145 1070 1260 1464 3088 241 566 1278 3295 951 
1112 807 1780 349 564 988 1140 1599 188 3082 565 1058 3246 3857 1023 1788 2340 520 812 494 478 1519 2700 3999 2515 2127 727 2998 315 1711 3726 2953 1110 2229 1364 1194 1982 2162 1729 3294 3981 3117 1888 2943 2082 1454 469 3661 2478 2667 
2580 87 2340 3919 505 1365 944 2862 3612 3602 657 3552 1408 3346 3117 3948 2466 2908 414 3565 3146 2035 3583 415 1016 3543 1120 2452 4 1748 2747 1400 1119 318 1412 2648 2293 1750 2979 812 2505 1887 1579 2077 1233 3351 154 37 807 2100 
2602 2439 3806 3178 2775 3532 2503 1422 844 120 1689 907 1609 508 2391 3367 1273 2884 1546 3414 498 3320 2972 74 2908 2601 3873 2012 3919 1411 505 279 485 3610 3312 1657 657 3219 1153 289 1808 183 1586 2041 2521 440 2666 1626 158 613 
1026 3424 3058 1463 975 1475 1609 1194 2496 2513 1180 325 3716 3761 3884 2775 1 2279 669 279 911 4 3279 818 1076 3414 541 3873 1262 540 3904 1922 2495 522 3089 151 970 2074 2550 587 42 1363 1223 2271 245 3537 3951 565 2993 2885 
97 3838 1451 1076 1103 2798 191 3838 2705 85 2207 1341 3079 3058 3157 345 2940 2459 844 167 820 1843 2934 3727 1463 1093 1641 3582 3955 2418 1588 1682 3414 2184 763 2302 1969 399 3537 1393 942 712 1577 543 1682 2254 2828 1955 1229 2941 
1479 2487 1307 3062 1614 3731 642 2454 3165 2366 2705 1912 1133 819 1964 3694 844 280 1556 430 2574 3943 2208 696 3196 3035 3976 3439 3250 2851 3915 3491 3061 3733 1709 1093 3875 202 706 2 2427 3616 3230 2265 1896 575 1356 2056 3892 508 
3001 470 2321 671 2918 1621 3910 2218 1080 577 209 3439 508 2843 1687 3622 3655 3147 1384 532 778 471 3062 3357 3804 1570 3435 2898 1096 1032 2823 3196 2692 175 1947 1551 1788 2053 3975 3884 906 2841 2519 1456 3634 996 1570 1571 2743 952 
3429 3405 3591 526 2256 834 179 1821 1642 1714 3202 2 3001 2967 3977 2505 2633 1544 644 1443 2341 856 259 3503 2894 263 2034 396 1570 3984 1872 1069 819 3790 142 199 3375 1096 1489 2345 2313 1421 644 2072 1679 3782 538 2409 1194 763 
1913 1908 764 153 3797 3029 347 1632 3911 2595 2817 2633 2333 785 2478 1225 2735 2431 2531 1872 1670 1972 3120 3977 518 1681 2311 3368 3781 822 3305 3510 1635 970 57 2804 1019 1546 3510 223 3269 673 3117 138 3202 2520 3456 1075 2651 2852 
3723 2700 1971 3503 3468 3262 3819 3269 1504 498 1455 3324 1962 509 1891 2557 914 2739 2541 3497 2961 1986 1368 1971 553 3353 3753 3456 3760 347 1534 3104 1545 501 813 1045 1578 2229 1219 3453 338 1934 109 461 1354 2960 2344 485 3110 99 
406 3424 1061 350 790 613 1289 1768 1400 30 3435 2140 3035 3435 1392 1091 1071 650 3875 12 826 2085 3686 498 1125 1213 3350 1924 1188 3751 1279 998 2111 2358 772 2585 3590 2145 1649 2478 2256 2049 3536 2235 1534 2995 1219 3253 952 3293 
3476 1 614 3696 1879 3252 282 1175 2652 2554 2892 597 2534 2123 368 2929 3536 260 1265 226 29 2450 623 3721 2049 902 3806 676 1371 1350 3030 3633 1965 1289 706 586 2861 1264 3694 1580 3868 51 280 1928 3865 2693 2485 2512 1213 768 
3642 279 3343 385 2929 174 1697 2001 696 2667 2097 385 2407 830 2666 1076 1187 1827 965 3291 966 705 2515 1265 3636 13 1593 3204 3812 586 1734 1425 316 3386 1252 127 1068 940 2867 1758 2226 3185 876 1354 1091 2959 1178 2150 2894 1289 
2886 3466 2861 1178 2714 684 2499 3186 2072 13 3115 1484 998 2852 1620 787 1928 2781 1514 2559 2225 3851 1517 1726 2110 3925 639 3198 2828 2643 1382 3906 841 305 999 597 1404 1084 2058 3762 2174 3992 473 2139 1683 887 2173 2626 1827 1753 
865 1700 983 39 2798 2654 2643 430 2775 859 1841 2052 468 3546 1435 3373 3191 2093 963 3735 3632 71 163 3065 3232 356 3007 1738 1377 2996 3235 3563 2760 3205 1973 164 3186 750 3851 825 2461 3188 42 3402 1738 3555 580 2173 1689 2574 
3605 1813 1763 2579 1074 3823 201 2367 648 583 1408 3083 1503 566 1985 164 632 3289 268 3347 100 508 1587 3290 1312 3998 1650 420 3803 719 3821 2824 1695 3758 3205 3557 2236 937 1194 3294 3555 1758 1402 2895 501 2514 2252 2184 1987 1504 
2557 3397 1416 1749 1717 3074 3331 68 2097 472 81 192 826 1521 923 3821 1435 2220 2137 2579 1723 268 3100 1294 2883 356 501 235 1809 823 497 3498 6 3253 2928 1760 3032 3737 1260 3270 1260 2194 1790 888 278 1587 34 1700 2442 635 
3178 3525 2905 369 1364 2594 2574 2681 281 3914 3184 3162 1127 3475 823 3620 1227 3311 2788 439 1020 1017 865 2572 3646 3592 2222 1913 328 3141 497 1703 330 1331 742 3086 3128 705 2935 192 341 3986 3986 40 2709 3481 1005 2212 1893 3347 
2495 3080 3305 2033 2202 2261 812 2866 3048 3175 3072 2407 543 3981 2148 165 3223 1216 1005 3096 3471 2789 2231 1298 2121 2008 2416 1279 2813 2767 2838 3128 2208 3525 72 2174 2682 2906 1978 2831 2618 1913 3964 2489 1176 189 3789 1216 2594 3854 
3790 3942 1959 549 2752 3663 1710 3932 418 1917 190 1967 2786 2495 1873 244 2332 3622 1727 3318 649 1350 3604 2121 2853 2715 2692 2645 2967 3790 1298 3648 2882 2371 2147 585 3583 2854 1112 187 2887 1944 3569 55 2503 2503 955 1028 1776 1924 
3205 3747 2135 2692 997 754 2646 2054 2147 3831 1978 3312 1462 364 556 743 1992 913 1354 1476 3047 1413 2762 484 3126 1453 353 3524 2891 1674 887 3231 845 718 1080 435 937 680 700 2998 2487 1146 2603 1418 857 2187 2668 2762 813 1683 
492 3683 631 514 3052 3527 2729 2017 2222 890 1547 3940 1477 3047 1771 2563 1082 1313 3775 347 437 959 1453 3178 3067 62 1771 1013 800 3679 3419 717 3798 3126 799 2477 1089 1500 3845 2479 943 3879 2874 3383 2783 2381 1569 763 3649 2382 
605 3611 3248 2258 107 295 2599 492 1722 2948 1078 207 796 779 2215 2570 1172 2215 2050 140 1847 1048 1117 1201 446 2605 413 1167 2843 896 3786 1919 426 1453 1479 1554 379 1836 1995 3524 3548 3872 1815 667 3285 1090 3082 2554 514 1534 
2718 1113 1169 3872 445 1338 2477 671 2214 2632 2990 3873 3082 49 3971 3791 2329 338 3504 1158 3356 261 1001 1784 2542 3384 2600 665 3736 1380 3446 1784 119 1723 544 689 3835 3867 2469 3003 2503 1285 1995 3990 70 804 855 1281 824 582 
3911 3600 650 244 1388 1113 961 709 1275 2582 2311 2358 2671 2569 705 855 1284 443 3886 1171 3043 93 303 3966 3528 881 2778 2704 2174 1171 2152 3761 2481 2350 2952 1602 2891 1348 3934 483 1982 1418 49 2580 2446 367 1384 1297 3926 1226 
1303 1710 2399 2352 1043 2023 3314 3747 792 3587 3184 2778 515 921 3291 2133 2170 3453 2930 850 1599 2137 3421 2435 3807 3499 2174 491 3709 630 1602 3894 3126 816 1074 2355 424 3653 2669 921 1759 1208 2413 2481 2596 542 3749 2791 3664 3068 
3438 1200 1490 1537 2403 2507 3890 1516 3947 250 2158 1603 2129 425 2547 2398 1855 395 2610 305 2907 3471 162 2319 3638 902 2361 542 952 2988 1256 1670 854 3638 1309 2097 2445 3091 978 518 2133 2256 1141 1850 95 3222 902 3747 3296 1347 
784 2705 117 1658 3005 2720 3265 2644 1797 3379 117 1601 1631 2128 2995 1725 2384 1905 2491 1257 2244 3718 1906 3440 2946 2133 2471 2632 1851 1477 1743 413 3147 3602 130 3677 1938 2018 2445 2743 2544 138 950 2772 3502 2779 1727 2707 3040 317 
25 2086 1211 2104 2251 1785 2131 130 2582 1014 3367 164 3407 3992 1573 152 1130 3211 2713 3865 1035 1532 459 3980 1560 1905 544 1555 2886 2251 886 1463 3463 1985 2251 2916 3509 2039 2499 3945 3223 2946 488 3299 1296 2740 1126 3115 2902 2682 
1555 1385 1967 3872 2896 3695 2834 3577 1065 2940 3390 2536 3128 488 3671 648 558 3870 1920 3516 3520 2414 3968 940 1329 3865 2706 3161 720 2960 3543 3987 581 3641 2280 3594 2277 2343 2229 3801 2213 3781 3616 1750 1750 3336 3324 3310 2855 2133 
3685 3302 1116 3971 3073 2919 3607 648 544 1273 851 2133 2484 775 272 2258 50 2593 702 2488 1800 516 2516 31 3297 2657 644 790 1664 2651 3343 3704 2894 670 2565 1677 3953 1280 113 1541 3596 3234 2504 208 2960 3091 1278 3281 2307 2832 
1749 2565 2468 3958 2180 1077 3019 555 2267 1283 38 1030 1577 54 1120 2293 3872 1685 198 3551 1278 2657 670 1769 2952 3076 3798 1288 763 289 2870 940 2387 3373 1552 2857 2745 3900 389 3823 3950 2399 2287 1989 3999 2331 2539 3092 1504 1121 
1898 1968 3489 3958 2159 510 1638 2848 2414 496 1631 3436 351 1375 38 1202 3918 1004 3169 3207 2431 2295 1375 3976 2842 3981 817 916 3530 3667 3509 86 2875 1589 866 2137 1033 815 1457 1565 3798 2276 281 2836 3401 777 2331 2836 1343 3406 
3050 2771 3940 3964 129 1898 1256 989 3830 2012 491 1636 984 3448 2012 276 2365 263 3256 3277 2585 50 1250 2888 56 921 1688 2177 1186 263 2523 834 2035 3790 895 3268 2952 41 3518 2939 1004 2085 1745 3728 2776 1250 1496 828 1807 3737 
2448 2288 985 3239 3145 1553 34 45 1930 3421 834 1726 180 3208 809 3914 2790 2019 3640 1613 2954 2767 1165 2005 961 248 3670 1154 3730 262 1581 1588 1497 2059 3416 2040 3198 2160 2338 2108 1096 3049 3200 3049 1629 3825 246 3348 2005 1458 
3099 248 1869 2658 87 580 2974 2078 3067 2413 3049 458 3086 150 1573 1212 2348 3993 3651 1952 2967 1772 1068 597 267 1175 1468 677 1752 399 1007 1096 637 922 3270 1420 1439 458 2696 1180 2733 3307 478 2991 823 1741 157 1167 407 618 
3553 377 2185 1956 1970 3788 2275 822 1313 3725 3565 1096 2611 1654 2495 3664 2437 1848 3553 156 3826 1079 3458 2412 3565 3716 1562 597 221 1212 1145 1224 1908 1951 238 536 3103 3637 97 1195 1993 3267 2846 1484 2704 1585 655 797 3395 1653 
2316 634 1079 1191 1841 3063 512 255 769 1715 620 848 3470 42 1196 484 1863 469 2644 2609 2906 3879 503 1993 2561 2421 3450 2141 1789 1018 799 1593 2765 3524 196 3171 52 986 1546 145 2650 3383 2559 1143 1951 1297 3939 1715 2308 3297 
2609 2880 3382 2709 1365 1908 143 3567 3937 1407 196 3947 210 828 1262 3595 3801 3926 1262 3486 992 68 3676 2656 1389 1433 65 2587 682 42 638 1138 329 1727 3342 1070 3776 2917 3545 696 590 2462 145 2101 3363 2011 968 1377 3292 3878 
1612 627 2308 250 3072 1496 3127 3168 137 942 1113 1718 3844 701 3937 429 1371 240 1459 949 2321 841 2044 404 1007 3145 3430 3451 274 2658 3120 755 1441 3486 2020 3066 3701 1492 3991 3866 3454 3364 143 3679 3701 1763 3960 2656 977 1897 
1880 1718 2194 3888 364 1699 2997 1618 3554 89 900 2257 2578 1715 3662 2297 2818 286 3127 3259 3793 2924 3026 1246 1801 1515 2554 3761 973 1763 2461 3420 2043 1542 1296 3577 3304 2475 2079 2343 844 1735 210 535 1320 981 1734 3343 1492 2521 
1247 3726 3246 1862 1104 1095 2766 3444 3962 3539 2476 3528 1043 844 314 2230 1085 2128 117 497 2199 3120 1666 87 2194 1257 2032 3577 3755 2166 2194 3619 260 2839 2908 3488 3139 1017 840 35 1891 1568 2160 864 675 2472 2936 988 2881 3168 
1475 709 477 2 3850 759 2343 3251 1180 3991 2105 2180 590 3251 837 1805 3213 1520 2644 2166 3686 3708 2988 2476 514 3780 1578 2981 1095 1410 634 3995 1430 3834 704 3328 3273 1403 2575 2163 1463 1128 1466 1020 2700 1264 346 715 1411 3120 
2195 1970 1115 1342 3866 2427 1506 2720 2180 230 2770 951 1234 2236 1370 333 1592 1466 3626 71 1423 3223 313 1110 1345 277 785 331 2201 1470 598 2746 1607 3590 1976 1528 849 178 120 1652 2617 1191 3273 224 2355 3709 1976 689 3457 3896 
3152 1497 938 2968 2458 2613 3437 586 1258 2121 2963 2253 3813 1643 1278 1065 217 2882 3798 1072 1481 3730 3863 3068 598 1915 604 1203 106 1647 2553 1263 1969 2201 1339 3896 2049 1521 346 2430 1655 2748 3458 2209 3897 1298 821 3068 2896 135 
1896 324 19 2748 557 217 1831 1551 1360 432 2098 3087 3465 3242 2597 3034 2788 1060 3408 2425 2718 988 2846 2946 3897 2805 647 279 1697 1462 1114 660 639 1271 1259 434 480 279 2942 1420 525 363 785 1 3875 1561 3832 3545 809 3333 
1032 3203 363 2860 518 3832 1289 3151 3905 1201 3284 1307 3192 1447 1440 488 2092 1404 959 1930 3326 3338 1559 1401 565 3752 2378 544 176 944 56 185 493 1301 629 275 2719 2889 2178 2105 518 2295 809 78 1024 2158 1180 2751 627 3889 
1696 3061 2891 3381 628 1121 2201 2476 3579 844 878 3099 2341 1193 361 3526 3753 1135 3158 3184 56 3832 319 2814 62 1289 1035 2748 3206 2476 516 2064 2567 3147 2052 405 3182 1416 1678 759 3739 3804 2407 210 1865 3819 84 552 3331 2814 
1599 1509 772 3394 1424 767 2805 1765 552 42 1553 297 2286 268 600 1274 506 3286 3868 2753 2679 782 3743 3887 774 1868 367 2688 124 2560 2373 3353 965 2568 2309 3564 1454 1246 767 3008 3977 297 3295 1991 3526 628 929 1974 1762 2229 
3129 2679 2535 3803 213 3607 772 208 741 1294 1799 1170 67 162 86 87 1502 271 1716 1972 3316 1028 1236 2532 2270 3460 3814 587 332 2330 3935 2612 3304 374 1217 2707 2174 3917 3899 1935 2200 1932 2869 2607 1261 2553 1929 968 2805 698 
3822 438 128 2978 768 1301 3561 1574 3632 1188 3936 3041 353 2532 3777 3329 3460 2841 1294 537 3053 2818 1207 257 3291 79 2880 1972 3562 1730 3866 2764 3344 449 257 3110 1210 3256 464 2579 3133 2895 385 2534 3764 3312 12 15 2441 274 
2055 409 228 2954 1501 1040 2962 3825 483 2532 3237 3554 734 3553 3562 112 1244 143 2551 3944 1402 1753 3986 3453 2971 3213 1570 914 3843 3838 2536 1790 2503 3086 948 884 1910 3427 3612 293 2421 1122 1730 2959 1017 3652 2282 2167 3288 1017 
3330 1450 447 1054 3362 2069 1186 1013 2558 2397 773 3063 1789 932 31 1648 3986 1186 1645 502 2940 36 1160 1810 441 764 3074 3553 3990 1672 949 21 3161 3942 3362 3698 1945 3264 1511 521 192 847 3456 174 734 2956 669 1903 2336 3669 
730 1245 2827 2260 460 3053 1444 849 2390 2210 1214 2198 2397 36 3721 1470 211 521 2635 2425 1426 3241 1358 3904 3335 3318 3740 1887 2482 1003 2124 395 2187 3945 1160 2120 1664 2388 3465 3342 157 2076 2825 2800 1020 386 482 3327 1385 577 
3950 2687 1773 1777 3318 2310 2651 286 3782 143 3938 3162 2390 3966 83 1160 83 3205 3404 3674 2379 2184 3864 744 3932 1450 2559 751 1743 3390 2687 869 403 2629 3729 1882 3537 2863 2886 1351 1689 1961 1172 2284 3813 3788 1318 768 353 2424 
3417 1161 301 1574 2958 3164 3709 335 2897 2154 2909 2721 1695 286 2632 1175 3325 2698 921 1722 1110 12 163 2230 2083 2083 1240 503 1396 3938 3379 1 1505 1660 2285 2476 1200 3927 3367 184 512 2603 1020 2583 811 2894 1747 1641 425 1743 
3092 814 1587 2235 512 245 3319 2994 2951 3273 2907 1785 2039 3753 3789 2016 186 629 1666 127 3313 992 512 747 2905 3417 3193 2377 3117 2012 2907 3994 577 1618 146 2551 324 1051 504 174 1353 3031 587 2624 223 3475 36 3571 1196 1767 
2657 2377 3396 176 3962 3219 1317 1522 1958 2669 2039 2016 480 3404 306 2720 2260 432 2156 249 2813 3389 65 2992 2368 1994 24 3233 2514 602 60 163 889 3598 2893 2321 514 641 486 3906 291 1298 974 2344 44 513 2669 3902 3321 1633 
699 3256 3377 3191 1389 1089 1574 602 439 3525 140 306 2996 2670 1075 833 954 396 1486 1709 3546 3065 2857 871 2541 2235 2395 2597 3614 3833 2075 2254 1420 3576 508 1986 1663 3902 3127 1175 402 3273 3598 3895 2202 1249 3998 1018 2290 1598 
3199 2067 3280 817 3949 183 942 328 2523 392 1122 2763 2441 1469 3177 3256 2685 455 3310 2196 699 1235 1583 3262 3387 2649 1671 3232 2002 2569 2460 1249 2006 1229 634 3118 2726 1055 1351 1175 2344 466 3572 2417 1997 3774 1473 3416 2420 2063 
1444 3614 641 3668 1135 865 1437 996 1165 1586 2531 1671 3058 467 3254 927 721 1677 2127 2078 2822 2390 347 2746 2096 3481 3199 3587 3843 3183 2008 437 2520 3232 1498 2204 3574 3293 1926 986 2419 3254 74 2079 2027 1124 2465 2554 367 2301 
3667 1068 2277 1472 2484 1872 3570 2342 9 1720 943 1748 736 1305 2014 2743 2806 1113 2617 1175 2523 2389 3293 1542 1420 1130 1677 2810 486 29 2494 3307 1508 2770 3351 1677 2571 3421 869 2406 3709 1069 2483 2137 2902 437 1032 2030 1664 660 
1210 3207 2894 3970 1462 2739 1011 3572 3841 823 2734 3561 888 787 3307 3787 480 44 660 2848 1786 3935 981 3159 2810 1848 1586 75 2391 1347 52 962 1195 2695 1141 1678 2794 2870 376 3132 2634 3911 3884 2905 315 486 3293 493 910 2275 
3091 3785 1936 2849 3816 209 2245 3839 195 1700 3429 3961 706 368 1727 2175 988 1562 458 3203 3234 608 3075 2336 3931 1322 3318 981 1174 288 2418 653 2395 1146 3961 2312 2747 1936 2679 2762 376 1303 362 3046 3795 2682 3150 3446 258 2389 
2640 39 2354 3184 3917 548 2577 1511 188 3251 3520 2359 1368 2507 315 1494 2336 39 3896 1631 3140 1517 3106 3950 1568 3958 3996 1360 191 2061 2061 1199 2476 1122 3150 935 2465 1780 2091 745 246 3696 1152 2109 827 3190 970 369 1773 2923 
52 999 1361 3654 198 191 1116 770 3521 3880 3975 2338 3218 3361 3874 432 1517 2951 2109 1024 2092 943 2322 315 1175 2089 600 2428 1383 1789 3315 2081 2983 1608 1658 1999 3223 3347 1051 413 1327 2129 1457 3721 918 239 3786 2065 1346 1903 
1876 2183 1794 2934 1537 966 1721 1633 2878 3942 2040 1324 3676 2444 651 1904 1396 2121 3807 1348 399 1898 1371 500 1524 3739 1073 1317 1860 2834 198 790 3967 3027 651 2829 769 3361 1118 3000 3985 2947 324 3682 2191 2231 2194 398 52 863 
3149 1558 3106 546 3847 1982 2829 1039 2144 2249 736 2321 893 3844 265 1307 1537 1873 2089 196 437 3386 2410 2213 378 1821 3594 2040 721 2431 2187 1534 2214 1458 1361 301 3933 3371 73 487 734 977 853 2176 286 814 205 372 2742 2191 
3031 3604 1705 881 2065 166 2062 708 668 3812 2838 3390 373 1274 1580 3238 3208 1641 792 2088 2411 3084 1372 2690 1888 462 2224 73 3518 477 1190 1565 1599 820 1441 339 1283 3933 850 2827 3813 3646 2795 2224 1254 266 437 2790 2368 1414 
989 2872 1091 3346 618 312 1439 544 2819 2662 61 3111 2197 1267 6 898 1705 909 3057 2164 1940 6 3428 785 3338 2457 2802 873 3366 3918 2260 2213 1311 2296 608 2183 3761 462 313 1924 3609 1423 965 2362 2684 3611 3031 3887 2196 1596 
2751 1782 2265 872 1705 1796 3313 3837 2980 2937 1280 805 814 2833 1120 843 3995 2301 2852 3624 2396 2069 3768 3810 976 108 2937 2140 1914 2936 1361 1555 2526 3018 1366 568 2662 183 1353 1311 1279 2386 745 1553 1631 1746 507 1773 2065 1802 
738 2097 3683 3719 3689 2003 866 2540 2662 315 646 3451 1927 615 2647 1306 2396 756 374 199 3572 3686 1250 1323 313 3835 3364 556 48 2076 517 3069 590 2934 2754 17 3313 2271 28 3055 1164 1943 872 2214 1189 840 1685 1239 3946 1629 
3107 1070 1236 3838 759 1341 1029 1789 1987 827 611 1293 1681 3543 475 240 2268 327 2907 819 1072 2562 784 3544 2675 3952 364 3715 3078 1057 1464 1410 327 2694 337 3451 465 17 370 811 3364 362 1896 1226 2597 1549 1404 87 2974 3138 
2866 2935 1278 548 1575 759 1305 1455 3291 2590 3962 562 667 1837 3361 1044 2522 3115 2128 399 3452 1749 3240 87 2345 3665 3397 2200 3479 464 880 638 2902 590 1070 3007 2607 3716 1936 2143 1681 1658 3002 3067 2640 117 3616 207 3897 622 
3718 2030 3858 1161 3973 111 2495 2345 3479 1666 1584 3373 1357 3956 3015 3081 62 142 1862 159 2254 2878 1885 1277 3075 3672 3886 914 949 509 2789 1878 421 672 724 3718 3586 3786 1044 1894 65 3837 3087 3294 283 1192 2086 988 2374 2673 
3036 3796 1357 1885 2819 1475 1907 1072 22 1715 1144 2404 1023 3197 2543 2500 2986 548 2920 3233 3257 1804 1937 1358 2201 2030 3905 1314 577 1161 865 3734 2784 731 1181 2242 1249 2008 3927 2908 156 159 1966 3616 444 3607 1702 867 1880 193 
2172 3505 878 53 2280 3452 1795 1550 3383 1303 2386 2491 495 2994 1475 2654 1040 3233 676 5 593 3263 1885 3122 1985 1898 3657 2870 1998 648 1206 272 3454 942 347 3166 3570 1880 560 634 485 1322 2415 3638 2632 185 1580 999 2542 3090 
698 3331 3197 2999 3524 3511 3533 3656 443 358 3522 1846 1073 3685 1857 2131 1562 1185 175 1823 3927 3782 190 2653 3130 485 545 2073 797 345 2282 1322 2444 1788 2567 2161 1475 2870 2374 3296 3350 3861 805 1565 2882 1889 3697 1256 1310 2114 
2741 3852 1495 1557 2742 2161 1186 723 1761 3111 3225 3471 1106 289 760 2420 2655 175 1898 2121 1508 798 283 3861 569 1552 1002 489 737 3861 1751 2900 1503 2268 2041 2927 2905 326 2671 573 1042 144 2588 2950 1015 2866 1501 1444 3818 3343 
3758 964 1474 223 2772 3363 950 2553 1921 3818 3176 2049 2268 783 1845 2096 1180 1981 1605 3111 1921 2653 827 2068 172 705 3302 3978 881 3067 2853 3729 1427 1968 2831 1249 70 2146 2170 2713 3498 798 3273 3504 2853 2993 878 242 1239 3476 
249 940 331 1569 3729 3690 3868 2423 105 1318 75 3073 2894 293 2185 1083 2170 717 3180 1867 799 3807 3301 3363 700 1791 3593 2853 1534 801 855 1394 2472 1191 3716 75 1179 2987 1099 1097 2643 1653 3483 2491 2551 1386 2006 3314 2955 2922 
882 1929 408 2438 776 3594 2342 1627 401 1787 3121 500 3107 2426 3207 1779 2102 3301 3728 3981 2423 3502 3888 3198 3440 2583 2958 2322 2530 1390 1800 2551 2766 3737 2747 30 1704 912 3881 34 2987 1846 3713 46 2668 1815 1378 2710 679 2015 
505 3912 3489 3394 1740 30 3676 1884 3628 1752 3675 1348 2653 1371 2747 2710 3812 3189 1960 3165 2500 1477 1409 2467 2815 3492 361 395 364 3489 425 3009 1091 2375 1552 2758 512 905 3771 1872 3119 3485 690 3211 530 1235 186 1795 1044 3605 
2358 952 744 186 2188 2180 531 146 1237 3489 24 1986 250 1469 1235 98 2053 3637 842 1156 148 3152 637 1774 1500 1436 2681 2610 851 1160 425 2665 2295 1735 2081 2123 1645 1394 3724 1110 2341 2701 2592 2848 1928 3674 33 221 567 3483 
749 1443 3556 2245 3399 1713 1412 1494 1464 1222 1764 2500 2152 518 1962 2730 3409 401 1402 388 851 3547 1653 3985 844 1394 377 1514 3003 1023 502 2188 1063 146 1633 618 2872 3409 1110 3079 3028 3914 194 148 542 1265 2480 1231 2000 1019 
2678 1032 3653 571 1981 388 1533 3997 2133 1802 2287 135 3521 309 1833 2716 1503 3669 2870 1992 2872 2588 3627 1284 168 300 2321 2949 19 227 194 1839 76 1755 1200 1890 811 3086 3219 1491 3796 1327 218 2797 2480 732 1252 3714 3291 388 
3016 1829 3086 347 984 2423 3722 1200 955 1414 668 3518 350 3871 2012 2730 3404 3669 215 1419 1448 2435 3464 416 2424 3445 3189 1890 2542 3193 1001 1707 2282 2589 3680 914 2925 3731 3825 3339 3233 324 924 3428 1627 3725 1700 3619 2646 1481 
3287 1096 1265 3750 2667 291 3489 815 1631 3651 2022 2803 3283 803 3016 3680 1920 3121 14 3810 3777 474 2447 2720 3086 865 1728 590 2678 1719 1483 1080 1537 1982 3122 3652 2996 100 2259 3885 3470 2114 3154 1613 1190 53 2859 1279 478 2925 
3110 1374 1522 1470 2110 3589 1881 3604 202 1666 3186 144 81 2329 3122 2674 2370 1965 36 357 2615 559 2921 2005 3880 2022 3678 1425 748 1851 793 3238 14 870 606 188 694 1665 1512 346 2994 57 98 114 980 815 3401 3661 3730 2004 
300 2000 2191 819 3715 3448 2735 2392 3538 3612 3064 1246 3273 1100 2615 2489 2447 2141 1129 202 30 373 923 3407 382 3448 2356 3298 3684 1208 1757 3110 18 2953 3292 683 494 1802 2187 3212 3661 3937 606 1226 2962 3040 2848 1171 3397 2653 
3802 3179 2003 2069 175 3200 1386 2055 3496 2401 1958 2747 1840 30 2447 1627 330 375 1384 2173 1869 1499 2674 3514 2314 1627 837 2625 572 308 2242 2750 966 2367 3131 1556 2682 2968 715 107 3692 1580 3584 1064 157 3012 3168 3887 1105 819 
3533 1940 1322 3165 657 1739 3251 1505 1302 449 2267 1832 984 214 3654 2733 2589 3152 2533 869 3281 1878 775 1252 3002 3131 217 2055 3743 2449 3777 412 1422 3814 234 2444 136 832 1446 2569 3107 3697 534 3986 1372 1458 1499 1266 2850 715 
2220 3002 603 3475 1663 1481 2523 2530 3671 658 1761 2850 3120 2803 3309 730 2642 3905 2490 2258 1071 1579 3979 390 2733 766 16 726 524 1393 3395 2081 3411 763 3491 3882 357 3999 3205 1583 1078 1459 3006 2605 3348 3491 3774 3011 1102 6 
1108 510 200 2675 3999 15 1725 3060 504 652 655 1466 1442 2585 2079 2069 248 984 2273 1778 590 1368 1688 3321 846 1043 3491 2856 3642 2803 1546 3846 786 1198 2182 308 1961 3908 3546 3587 2548 3293 3416 2399 2928 3205 500 3142 2632 1527 
2629 3324 1416 2114 3707 3319 3648 1197 1482 1584 1811 3511 3169 2358 2093 3665 3654 929 1839 1389 2585 3151 2847 1778 2490 2726 2131 2589 1913 3205 2923 659 1227 1004 831 35 2326 3905 553 1269 1042 655 2508 3037 1515 1805 1961 1978 167 2770 
3606 2076 3876 3493 3806 1658 1482 2958 3886 2749 1898 3694 1549 793 3902 3420 3268 3902 420 2023 1296 2597 1936 3514 825 626 3374 860 3699 2956 2885 1538 3849 1684 1547 1611 3037 990 3082 1760 3915 3682 235 1399 3335 1218 1197 2476 289 2957 
758 532 3374 150 1147 2829 547 3879 3542 1843 3914 676 1225 524 1796 3475 2899 793 3067 1768 923 1289 1889 3210 1529 2097 3548 463 1661 1474 458 3895 1397 2388 3288 2147 327 2630 2860 760 3606 1629 1280 3756 2040 2407 3459 2053 3359 3857 
423 1661 2076 1896 3932 487 2467 2911 2383 902 2062 3404 2410 663 1367 3733 331 2318 413 1379 1689 2054 2498 2001 1280 1938 2053 3699 119 1766 1868 125 3087 850 2781 3769 590 1723 2460 2983 3469 2248 3839 3114 2067 1065 3999 3231 3857 408 
3590 415 783 407 531 1132 2078 2558 2911 2577 3589 3732 3044 3931 753 302 1733 224 419 858 412 559 3455 635 2047 2716 1454 1926 3171 2076 3469 2719 2589 3890 2521 2987 1517 1273 2389 3861 3998 925 1195 119 3507 340 1631 2778 1145 603 
2816 3100 610 3947 874 2625 3461 3330 938 3584 86 1057 486 3964 2961 2711 3856 3357 3283 1816 2593 1725 1297 2214 1868 3838 83 1926 3455 3071 2388 2805 2044 511 2716 1035 1746 3939 2890 2796 201 3654 635 3359 3732 1238 567 1997 868 2345 
966 770 2113 2649 2388 427 292 38 1156 104 2684 2476 2007 3420 2153 3651 2599 3725 1429 827 3862 525 2906 3014 702 2965 1846 3537 1233 637 2711 1400 1549 2780 874 720 2436 2489 1297 3963 2107 2995 2083 2754 2528 698 2615 3026 3812 1055 
1856 1407 206 2602 1208 1073 1446 795 3194 3162 1233 2973 3173 2367 1419 1465 2002 48 3490 68 2453 2478 2576 3735 2140 2358 908 3746 2016 3850 3763 1250 1549 1846 508 2104 1223 2645 1167 960 3181 3579 2615 3999 166 2618 2742 1223 2763 2936 
3993 2865 2099 1486 2389 3052 1644 2644 1073 672 3228 1480 1465 1852 2950 830 3776 2398 353 2967 2910 1515 2824 770 2691 319 2441 2289 3556 589 1751 600 2600 1616 2849 2029 2258 101 1764 3939 3658 3227 2390 508 2978 1407 1313 3247 1272 1198 
1038 681 4000 2100 2142 3000 3258 1705 1987 29 324 1709 1988 589 2658 2070 1006 1939 2367 831 481 2678 206 2812 491 2105 1520 768 2845 3175 588 1383 374 2204 2281 2728 2227 934 2035 1705 2416 2016 474 287 950 3133 2029 2957 2980 672 
1623 1730 1038 3188 1444 1880 1215 2479 3000 1299 3841 1875 2221 2979 2155 2416 1409 2916 1203 3068 605 2336 3178 1954 167 2748 1160 2287 2485 2341 3440 1423 2274 1712 1316 459 272 1576 1245 2368 3972 947 1839 1876 2143 1282 1265 2980 1964 3559 
2927 1125 3480 448 3581 2287 200 1644 2362 1042 1614 1861 1276 63 426 2485 2680 3108 2189 440 1188 131 3522 953 3188 3413 778 442 311 1063 2185 2499 3254 2386 35 2127 1499 1993 989 2396 191 2687 2765 989 299 1151 1245 2088 1488 1938 
334 3318 442 559 2616 2357 3494 1728 2948 2041 3582 660 2413 928 1610 816 2748 3571 2519 1063 2801 321 3702 662 3103 1741 3130 3283 40 1834 1993 1395 3581 889 1745 2800 1780 1306 3337 399 374 2249 3210 658 1255 2007 195 1801 2263 3167 
3098 2879 373 3944 3475 217 3913 1524 3453 2263 2814 2962 120 2594 377 3746 3758 341 950 3644 1822 722 842 1609 3590 2 3174 2952 398 2433 796 2955 3826 2357 690 374 2808 2791 1201 1848 2800 679 133 3369 1951 3863 2166 2246 1735 821 
511 2001 3651 3258 312 920 2924 1811 2808 3000 3369 523 3930 1722 392 1665 2433 807 3397 717 812 2050 627 277 2252 722 3608 1473 2690 438 732 3850 1606 1002 2503 3522 1386 3798 1442 2319 2428 3025 3064 46 3425 1978 331 2764 3685 92 
1511 2433 2559 837 336 3656 3297 1701 3437 18 2324 1418 2456 1246 1159 3471 3246 2894 206 1320 3454 1246 2253 3726 1872 2964 1720 1529 3425 1 2005 2327 2077 1871 3681 2399 3172 2283 735 3510 438 1355 1710 2851 267 2915 2163 988 1914 2136 
1330 2752 1832 408 1829 1227 1587 1871 1129 803 2661 2743 2146 3379 270 2331 3384 619 133 868 988 3181 1616 2114 626 3436 3588 46 1265 3982 3471 1172 497 1511 2528 1395 3695 3152 2111 2146 7 2141 2641 255 1970 1684 2293 2323 3002 2553 
274 3467 2748 133 1835 3413 3641 1756 400 101 2217 83 2202 2192 1294 1965 511 1196 1242 671 3367 3263 832 1029 2747 3684 631 3309 1442 2127 2646 2373 2974 2766 3576 1927 925 605 988 1367 985 3323 671 3963 1397 1829 1955 2061 662 594 
2909 2422 1210 2411 3967 2699 1248 2010 720 3971 2075 100 2675 888 2634 3088 2464 3676 1369 185 136 1898 692 266 1447 1932 594 3704 872 1588 188 3635 1358 1865 2232 3684 45 3763 3748 218 511 3071 101 119 3857 2025 1667 2669 3325 1824 
1178 260 349 3288 2372 3405 2879 3414 1588 2350 116 2320 7 2141 2539 3971 119 683 567 85 900 3831 3633 1539 2488 2436 173 3100 2711 1622 2293 2464 3645 2582 1839 184 1044 1196 2481 1169 282 3403 3653 2680 1784 1373 3907 1301 3573 2368 
1913 1695 1495 3582 211 838 2365 705 3906 2490 313 324 2957 58 3312 2645 2680 1622 1744 221 1036 2929 230 488 1685 2487 1079 1315 1044 482 3418 2293 2813 2665 2966 3491 1778 3895 3468 2218 798 1414 3145 2431 932 3678 1148 3008 1520 2291 
2273 1332 3244 3391 1572 2306 3890 699 1773 119 1132 723 3491 548 3337 1257 12 1352 483 2852 2780 342 2574 2339 3754 283 2976 2534 2834 1942 1622 1879 1864 3971 1012 1905 1125 2446 2106 992 1706 2897 1269 1778 3441 2758 2941 2842 2122 1433 
1881 3538 254 1879 2930 2714 815 363 144 2273 390 398 1380 58 1307 3475 2612 2598 1012 1486 855 511 141 805 1444 770 3961 3434 1418 1015 2374 2211 479 3631 1450 3141 2716 821 1318 680 3686 3732 1850 2366 1083 1749 3831 1019 1749 3480 
398 1453 979 741 511 220 3752 1024 3363 1259 2187 152 3278 3599 3848 927 3828 431 2944 3344 3658 1103 2266 1725 2046 660 3594 2317 141 3394 1446 2667 532 1422 2806 3383 1374 1674 2588 515 2699 805 602 1115 2458 1561 2580 1649 2431 688 
874 58 639 2245 3809 3896 2024 3831 3746 523 1114 1731 2783 2815 3104 1358 2689 2431 2664 80 2093 1916 3495 2046 1028 1704 1841 3503 2859 2113 3047 816 3169 688 610 1683 2929 2295 2652 26 1153 270 710 2672 1175 1907 191 1674 2691 261 
1531 3486 461 403 2754 1834 3174 610 3746 2728 1052 3138 992 3543 3451 874 1948 68 298 2731 1600 2167 3112 1781 485 2808 717 3616 2734 546 3171 615 3461 1720 2047 3181 1187 3476 1974 3034 3895 513 2789 878 2508 3896 3771 735 1189 3523 
191 2060 3766 1225 2442 2868 904 2106 2497 1078 2810 2112 2435 3771 1208 1189 3272 3082 2993 2750 3325 1347 2779 1375 2634 1672 260 2253 2236 2313 2362 3167 3786 2924 1 3188 539 1514 906 3895 2154 3677 2395 3853 2951 2933 3245 1939 3900 2586 
1805 724 1080 284 2654 2362 2525 336 1130 3656 3826 17 532 783 383 1135 2916 3842 1222 101 3305 3855 3258 919 3022 3194 2837 3391 675 1768 256 3128 2294 3942 1598 1842 3587 1768 2068 406 597 546 1672 3878 2639 3385 1599 3434 2137 3786 
354 3982 2362 294 2264 3194 1070 366 2064 2718 1110 3010 1731 95 3649 1968 2640 7 990 2356 2250 1754 3866 592 3646 2086 3926 812 1457 2836 121 1680 3285 2187 1847 1641 3501 1593 2046 620 668 1222 644 1096 198 2068 3992 1889 2293 3935 
3057 3391 1785 219 153 2869 381 1407 3633 2162 2434 3394 1955 279 1760 2593 2750 3501 2458 1813 2821 170 3062 2358 1014 603 2264 425 812 599 2918 1650 2263 3688 2342 3453 3959 3648 2629 1257 1999 384 3192 1266 3837 685 2342 3733 3063 494 
2950 3031 195 2939 3158 3370 461 790 1875 1100 2917 3719 432 1552 2750 993 178 1080 2472 3205 1310 2597 29 3029 670 3184 2669 1067 2268 2443 3315 2878 694 3501 593 191 2607 4 1215 1795 3028 2289 1636 3749 1923 1672 3453 2145 3297 2742 
460 858 980 776 2416 1215 1260 2002 2072 2531 3909 3537 3504 3650 1407 878 2235 640 2152 3560 270 2194 332 3676 2642 3862 1740 2452 3547 2736 2742 2181 2274 3424 3012 3301 2666 1813 1923 430 3967 2555 570 461 3417 410 2384 1936 990 3517 
850 202 1601 428 2067 817 2239 1975 1018 3268 3196 726 3262 2759 1058 1844 1715 1050 820 1513 1231 2920 3551 882 2900 1214 2255 1440 318 2277 2317 2586 3451 2168 757 1465 420 1903 2002 1260 3223 2838 2452 2555 3168 3717 870 362 3039 1309 
2332 214 578 1609 3576 3317 1514 1691 840 2636 3441 1676 1349 1441 2385 1170 1136 1012 2428 2421 2913 393 3859 2086 3891 645 2915 233 1513 71 693 2528 3011 1562 2154 595 1934 1310 1947 576 3737 1905 985 1661 726 2277 3845 817 1683 1623 
3845 2490 3977 1469 651 275 3316 852 3936 3171 2978 1041 3546 1021 3511 273 1501 2385 3809 2662 3657 2161 392 2321 1345 1202 2600 2650 2079 295 1774 2523 2493 3714 1623 651 2283 1067 3187 561 1223 3210 758 153 2476 1949 197 1317 2673 750 
3053 3610 3396 287 3741 671 2369 60 61 2866 20 3361 1576 3616 2013 121 2930 710 1744 3753 275 938 2785 273 1852 941 1573 2011 52 1993 94 1905 1903 1137 990 2275 1501 893 2422 898 423 155 815 3657 1791 3581 52 1284 3274 1626 
91 130 3648 3581 3580 3003 2502 1805 359 2388 3200 3825 2732 2819 155 248 3677 2956 2323 172 3450 904 2388 1434 3727 227 496 2649 1676 2382 2949 3590 739 2419 3674 291 3394 20 1739 3986 47 2387 3369 1616 2106 430 905 3151 1278 1797 
2160 3729 611 1730 3631 2940 346 3889 2094 1063 3369 3015 2606 3605 2831 2610 1824 2117 1291 686 2582 1414 3064 2522 124 202 3056 1773 3770 2980 3435 11 1510 2274 3237 1498 1557 3728 3151 1885 2930 1350 3325 3237 1272 241 2837 1738 1161 3548 
1198 1489 645 89 1820 2547 547 803 131 3148 1794 3156 1824 358 3082 3975 2481 2591 1133 3109 1306 3889 3808 2003 2450 3827 3570 2067 1473 2610 3821 3433 2584 45 2172 2250 3883 961 1711 3408 2018 2930 1584 1786 846 106 3436 2768 3215 2946 
2428 370 11 692 1161 1287 1472 2948 3291 1391 3940 3827 2961 775 2547 2634 3529 3493 2366 336 632 3287 962 207 3889 150 3920 569 3165 1930 2983 1930 870 3257 1072 875 1850 3024 1612 1783 2638 2447 3495 2010 2793 1077 1875 1062 3978 1321 
3131 3003 3512 3110 83 1420 1572 3373 2895 3003 2023 913 3649 108 1283 252 1183 1471 2059 2156 2040 1296 535 530 3926 3862 3495 2150 2036 3060 1682 727 3302 3547 962 2407 3375 3534 1862 2619 2618 2177 3578 3755 3690 1466 1618 3257 3467 1141 
1420 2778 3680 16 1681 2474 3169 2501 1876 3387 2164 3431 3483 2778 634 1530 2009 2518 554 2628 3212 917 3959 630 2547 2349 1727 3616 1937 3213 2175 2851 2291 1538 2599 2783 108 3861 3457 3637 1268 1075 1878 3569 2952 2084 1261 1897 913 2656 
3213 798 3824 3637 713 1510 2513 2223 704 2175 29 2418 726 192 2339 917 3059 2859 984 3240 2920 1301 2039 1699 522 1916 3743 1569 2665 1018 3408 2232 3921 1743 669 3875 279 2394 2297 2798 3322 3900 1275 320 715 2159 3218 3157 107 3261 
2932 27 2325 2798 3239 1699 142 3913 2835 2468 3921 3482 3704 923 2501 3470 1099 1725 3351 404 1056 69 1799 3682 2277 2865 3861 1465 3326 201 3840 3511 326 189 1243 3339 3948 2364 1196 3710 2096 1773 65 3894 3568 3392 530 2872 3231 1309 
482 3239 579 3364 2666 2229 2823 162 652 3980 681 1321 102 3931 2740 540 3586 3182 2439 3135 2612 3666 2232 3074 3377 2682 1584 3069 3214 2443 448 766 3817 1153 3054 2078 1771 2096 42 22 273 1717 1085 2325 1209 2819 3325 826 2202 3717 
800 2127 3343 1381 3974 2682 2599 3781 2857 3925 771 2054 3942 2343 3757 3171 240 1664 2161 1466 1265 1982 2828 2577 2079 1897 3817 2445 2342 1058 2381 1059 1949 1209 1381 832 2819 2374 830 9 2216 3831 1733 3739 755 1375 3377 1540 241 1207 
2599 3930 3039 3513 595 3901 1450 156 2568 906 3479 3161 3380 3377 3094 3616 450 2473 1867 3538 544 1381 704 2044 3721 644 1809 2085 3756 2322 664 2734 1942 1971 2199 47 3762 3772 3667 762 1623 3910 1082 372 1516 3477 501 1839 76 2651 
2297 3296 837 852 1241 2833 2122 774 2938 3537 3363 372 3477 2121 2550 2548 1509 3967 223 3755 2397 769 2098 762 89 1385 2884 404 1323 628 1712 1829 2962 323 3313 2726 1644 3583 2104 1875 3628 994 3619 3668 3169 1839 1696 1741 3593 2117 
1341 3252 2841 3819 1728 2867 3465 757 2632 3034 3143 3468 3786 1296 2220 1839 3668 2339 566 74 2543 2415 1241 223 1689 2238 3990 903 271 3985 2229 3541 2726 2012 1109 1058 210 582 2637 1374 608 644 3208 1273 3133 1039 1895 59 334 540 
3133 1112 2620 2259 2356 1636 3748 2850 2543 3283 234 3630 314 1953 2879 3134 2308 3407 2725 1771 3006 1619 254 843 489 3712 1151 826 736 1886 415 2222 1910 650 1675 2515 805 3322 1714 1355 2907 866 234 2743 3342 1743 490 1183 818 255 
2836 314 2194 1095 2248 58 3796 1939 71 496 1060 1161 3271 3649 2214 3731 3953 3919 1010 2584 1520 679 3366 3508 1886 3858 1270 644 657 44 680 673 3153 2041 3002 1843 490 898 736 2447 3401 3910 252 2028 367 1823 358 2887 670 3160 
2548 2202 2576 3401 840 3520 1934 84 44 3279 3506 574 2544 1161 2907 3660 1840 3296 3727 2612 3394 3848 1886 2120 256 1369 3707 1160 1174 866 3639 3620 427 3601 2864 3069 1792 1608 943 1223 1735 3332 1032 2866 1003 3984 2670 3555 2319 903 
3901 1549 3429 3410 3466 3623 2063 1314 1510 75 797 955 3005 2395 3635 1329 1523 1996 2835 2470 2937 3767 1006 1716 110 1735 1009 453 886 1208 3356 2132 2440 2084 85 487 616 1258 653 425 1010 727 2079 3572 1792 1789 2712 609 3296 527 
2330 2805 3348 2285 121 3782 1626 3368 2124 2731 667 584 840 1319 3568 27 3849 1253 562 3699 2137 451 2160 1996 1097 1209 3091 84 2825 2050 80 69 3635 2819 1623 2276 1821 1416 1678 3896 2509 499 1777 3335 534 3063 955 321 1683 1215 
1787 2445 1332 3346 1667 614 3803 1980 894 1764 2228 3254 3088 2354 1466 292 1139 916 2185 2275 2931 3518 955 872 375 1585 3433 3487 2988 3737 1344 1826 3091 1238 1293 1723 1994 2963 2346 2974 252 3390 2244 189 3050 2989 662 3995 1660 27 
3987 680 3613 3986 2354 3540 1903 2284 38 320 3431 4000 3344 1011 2479 3630 1823 3403 2537 1891 1147 2142 340 346 916 3088 3716 1764 2761 796 820 3037 2463 756 1014 998 1125 1317 3336 651 2291 2008 1590 116 3041 22 3916 323 3172 2246 
340 607 1091 1437 1733 291 2490 3450 1282 2377 2286 2660 1601 2935 179 3606 3281 3378 2005 1305 3827 3184 2654 704 2655 1459 774 1328 1110 1265 251 3085 3954 3704 2098 3037 2932 390 3403 1808 1111 2681 3162 1736 54 827 208 653 3823 2601 
1791 2546 468 2679 3215 2194 3690 2305 1515 2984 3096 3435 261 1559 3823 1321 3442 3250 2337 3868 901 3460 3017 1747 1389 1881 509 2793 1733 179 1545 1145 2287 2932 279 50 1958 424 2942 1493 1684 3199 1975 2674 1838 3103 935 3371 1925 3600 
1697 562 2723 3902 2326 649 95 2826 2931 1922 2124 935 887 2585 2925 1904 2307 1545 647 3150 1797 3983 3471 2283 1145 1509 352 3285 3013 3983 413 2520 3558 3143 1534 3544 1660 110 3710 1721 2389 2005 3031 437 220 3133 2217 961 2982 851 
3615 621 3732 3946 1548 887 2371 1268 3558 1209 58 1120 495 869 1079 2496 1646 1490 3143 760 3579 3197 2610 3834 2219 1392 1428 2166 172 3832 332 371 1123 3568 3530 3988 42 2005 3703 509 219 2063 1760 1914 2369 2255 3163 3159 3161 143 
2678 1912 723 1424 1759 2691 507 1599 3668 2371 3424 584 2760 3032 132 2599 744 3333 3163 1490 517 3670 1048 2739 216 2390 1085 2945 849 1814 1543 2655 2946 1987 2096 640 3880 350 3011 1766 3117 2450 1440 2501 236 2077 720 172 1661 2470 
1645 950 2797 2374 847 2564 1697 56 247 1805 2583 641 1604 3367 3643 3640 3633 508 1079 2647 340 2579 3986 2307 744 1271 872 3779 517 3037 539 1410 691 2928 3204 2835 3520 2369 3406 1424 361 3588 3711 372 1562 2785 2416 1814 1978 2372 
2925 1186 1315 2253 337 3987 1844 439 577 3769 2681 2171 3507 41 3108 2818 608 2018 1814 1351 1932 3904 2469 481 2481 2785 3217 2134 3371 1298 3552 1752 2374 2426 3286 1227 2442 1717 504 3406 2565 2087 2554 2102 1503 2017 1560 1361 3346 1214 
3912 1069 2192 810 3671 3331 3703 440 1386 416 1735 421 3663 1465 3490 2442 78 3826 1483 1913 119 3419 2402 2444 200 2469 1528 3680 1848 1875 3712 400 3303 2160 2613 558 1039 1470 251 3372 797 299 3969 608 414 739 3366 2914 1831 2325 
320 139 1256 766 2278 629 1739 1662 830 290 3331 861 2257 3324 335 3065 1544 2421 3683 2397 716 3486 681 3279 1981 2037 711 1386 1796 3413 464 2064 2336 2325 3078 1838 3701 2816 1502 3778 2643 1337 1430 2955 2357 790 3453 2070 3341 3125 
2396 3135 3129 3551 1136 1527 1622 1847 3288 2617 3354 49 3356 1835 1611 1997 242 3125 3361 1702 1272 2492 3536 1759 1164 710 423 1959 1503 3970 2053 1298 235 2774 1125 2861 1381 1835 3080 3591 1289 686 609 629 3587 1167 694 2811 1312 3065 
2056 2264 3119 640 3649 2717 1972 807 604 1574 62 2648 2376 3844 3058 3218 1835 2145 2983 2338 2493 1613 3988 3216 3107 370 269 497 1053 1310 2303 2346 2287 2115 2808 2811 2379 1873 3760 1160 423 3 2429 466 3547 362 3662 1439 1945 2145 
1700 3361 1254 2014 1673 3718 380 2522 1427 1572 3247 1126 1567 21 3683 324 1068 1817 3787 1439 1759 1082 3656 62 442 1295 83 1535 612 3073 712 2508 83 1240 272 1514 393 3728 1597 3519 2401 985 547 672 760 2190 2313 897 2652 221 
670 2406 690 3173 3683 3298 1173 1963 318 629 2807 2580 1480 3043 3783 838 3142 3066 2396 3567 3956 712 1526 3880 1824 3238 547 2339 1706 2198 2902 1941 3063 3880 659 2299 1307 3485 3640 523 1575 1106 3971 515 1585 3322 870 2009 952 3737 
2162 3413 908 410 3208 1292 3338 1442 3530 3880 1396 891 965 2582 266 1109 1688 350 190 3857 1251 1217 1499 623 1698 856 708 2712 3149 2103 1474 2144 600 2914 184 1707 3913 2758 2124 2349 3783 2415 2361 2623 2717 2939 1356 3640 1065 1964 
3158 3566 2699 1189 1409 536 1884 3222 574 586 1061 945 908 807 3960 2374 3757 388 2483 1003 3373 252 1807 410 609 2052 1667 3823 3442 1502 1175 2546 2992 80 1982 1164 3702 1006 2738 466 1934 1425 1284 1242 190 2980 1187 1371 2839 2689 
2819 1460 1863 178 69 3335 16 189 1731 3416 1068 419 3654 63 2307 2929 1568 2432 64 3587 289 2527 639 2369 3158 269 1539 248 2767 2179 1001 2374 2931 3792 1264 973 2940 2282 2144 131 1844 1884 1287 310 165 2563 1109 1643 1961 2982 
3809 2432 1316 1970 1996 2406 3134 1056 2285 2932 1146 3270 2892 2074 2347 1199 3765 1415 2288 1833 1352 2193 2417 2411 3142 1863 732 3103 581 1793 2324 1014 415 217 1568 1140 3160 1431 3135 1058 2440 1402 1720 3186 960 2388 2581 779 2585 3688 
3893 3735 3421 3328 849 2820 574 2480 3631 3967 1759 1068 2432 2969 840 2378 1032 1583 2839 1365 2285 654 3479 2658 2464 797 602 1923 381 13 3944 1388 871 2210 370 1678 1993 1402 704 1547 3790 1675 1785 225 2790 917 3738 3714 692 178 
183 2875 2562 3733 2305 1428 152 1770 2474 2273 3915 1412 1758 3608 3256 3004 924 1635 1861 1547 1833 1847 2724 2585 3760 1214 620 2859 1329 1899 3426 409 3703 3438 690 2875 1181 1771 1923 2924 2025 3488 2790 1161 2111 3712 3781 1517 2992 433 
1335 3951 2706 3318 3823 1847 1547 1271 3717 211 3263 1734 2840 3503 3952 1597 1073 3661 1056 3969 3454 3421 3758 3140 2786 1196 1593 3928 3197 766 477 707 3053 334 1685 3242 1079 782 3088 3818 3329 545 868 743 366 889 1645 1517 3212 1421 
1068 1142 3785 3120 2652 3623 634 1322 2562 3087 1699 3740 1130 2434 875 3329 2492 671 2328 556 2292 448 691 3644 1391 2407 2976 396 2847 715 232 2867 3359 603 868 348 335 1380 1271 53 2325 2414 1444 193 428 3890 2409 1643 152 2103 
1623 3290 360 3215 3412 2846 3157 1236 3321 2025 2096 2571 622 2934 2409 3916 2361 3983 2638 3879 3416 3084 3681 981 3960 1611 3447 35 3614 1857 3630 290 3626 1109 3259 707 188 558 1913 292 1332 3177 3605 3229 335 3879 322 1679 445 2394 
3748 136 2564 1464 465 3893 3629 1464 1485 2848 3331 19 2030 3162 3255 3713 1456 1384 3614 3003 131 3184 3036 230 185 1460 1629 3979 818 382 3067 2741 525 1236 3193 2097 1308 2778 3583 426 1195 3576 573 3145 3414 393 2875 933 1774 1017 
254 1861 31 2475 1600 920 637 2499 2615 1640 2298 2769 2059 1185 1370 1177 2211 1015 3807 3743 3633 3433 2575 1645 399 1708 3240 1912 3924 2774 2351 3775 1207 2754 2778 2238 738 3103 2901 1156 2325 2183 3011 71 1732 3145 3246 512 1308 3356 
871 643 1892 2557 3545 1573 2837 2059 156 939 2238 2543 2302 2700 1230 3438 3172 361 1138 3868 1875 114 2623 3553 2382 140 3276 3365 1167 1332 248 885 657 1259 1159 962 38 1819 3166 2265 3937 1356 519 2380 2556 581 1035 1055 3141 3246 
1807 3608 392 2501 746 2518 1817 781 18 1573 1218 1965 1342 2946 756 3540 1091 3828 3672 1141 1346 34 56 2941 3845 2190 419 2799 359 2333 888 1670 290 3545 2553 3968 2914 2587 2945 2742 798 2451 2529 982 36 21 3438 1000 2247 306 
3208 306 674 2511 2678 1881 1244 874 2529 3133 3312 3375 955 2557 853 164 760 2156 1612 258 1085 3230 1884 730 477 3241 3414 360 3211 2223 1667 391 3794 2098 1436 3824 2945 3482 2423 2642 1438 225 3160 296 290 2909 3967 2275 312 926 
3383 1877 3964 2038 2909 1456 3354 1706 1102 1088 844 1866 1912 3282 856 942 787 3369 2752 3996 2020 290 3728 1503 2328 2543 3870 1886 337 468 3787 5 3402 3762 2642 3782 1969 2658 165 16 1436 387 3699 1507 692 3677 3758 1192 949 2983 
2050 1191 949 126 2909 328 960 1659 3156 701 2555 3665 434 2856 1516 484 2117 3396 3593 1983 3504 531 3644 2109 3975 2993 3930 1327 2017 1912 6 3810 1503 2339 3239 1777 3066 221 3146 3409 714 189 3847 1005 2147 2952 158 327 3817 3955 
467 1233 1456 1414 969 958 3817 2019 1113 3335 90 3022 2863 1399 3732 282 2193 76 2693 902 2880 874 646 2112 3230 201 3980 1727 1653 2452 1230 1516 40 3927 1344 536 757 1345 3471 850 1235 3075 3624 2984 2439 2747 3516 156 1836 3644 
2231 3934 1507 3137 2019 1840 899 2722 1600 1613 2790 1192 2839 245 1161 3581 1409 60 136 861 938 3664 1777 2284 646 3774 850 3194 2764 2187 1447 3337 3927 2303 1980 2636 2269 1418 1526 1583 2004 479 1689 2105 3164 3460 1352 377 1184 3145 
850 2149 1263 3636 3473 229 321 2534 2405 1462 1370 2891 1594 3948 3427 2613 528 2155 3348 3016 522 2469 1039 1085 2483 2061 1277 3774 654 368 3494 3460 2313 2533 463 2073 1752 3009 879 2636 89 1274 336 825 2978 2479 2340 3886 1494 2751 
648 3438 975 364 2489 3638 141 963 307 3888 2951 719 594 2911 1452 1782 3849 2709 2613 2277 2640 3048 2958 2881 1775 1325 202 1587 3794 1546 2788 901 1181 1185 2556 3576 654 359 2987 694 2785 89 3424 543 1672 1737 11 909 1879 1977 
2152 1090 3169 785 111 2249 2269 3956 1530 3828 2138 2846 35 3061 2812 1950 1570 1193 44 1302 1607 2339 702 624 3585 3648 2900 3902 1426 2939 3849 2439 3791 924 3074 2020 2788 2443 1818 2793 1712 2383 3326 618 825 3751 141 2371 1863 2056 
511 966 459 646 3469 1785 3504 2383 1733 3332 3958 1333 1530 3103 3079 1507 777 1232 125 2161 682 406 2578 2117 2450 3966 1183 2510 446 546 2939 618 2037 2650 3323 2603 3000 2354 464 482 3346 3546 3709 624 3877 2762 1212 3472 1564 710 
2528 2678 1659 2578 3776 2621 670 2294 3610 1149 3156 2234 2557 3637 1999 3480 3935 2783 3560 2592 1183 2466 166 3607 4 3701 3104 3669 1072 3970 187 3694 1423 3791 2243 710 2794 2258 1198 2873 3529 662 1372 3836 1520 1384 1992 831 3738 2547 
552 1990 591 3169 2491 1104 3709 2557 2410 636 2146 1016 3763 2970 2964 3637 3293 320 294 3756 445 837 3306 846 931 743 2017 1190 2213 3548 2456 1650 3942 1520 1428 3533 1724 2908 3957 191 1328 1886 2441 929 710 1796 2258 1290 233 3929 
2820 1606 3028 75 3333 3737 1434 707 29 2907 3207 2441 351 2997 77 453 3745 1256 1434 394 2405 1246 3769 3568 242 22 1695 411 1016 657 3381 632 2998 1422 1610 60 183 881 3893 3326 287 2994 3517 243 396 1225 1760 2251 1557 1469 
3079 3664 2553 1369 1431 2602 2304 3611 1585 2686 448 2699 1926 1754 107 3749 243 1030 3734 2669 1273 2214 1449 3762 2008 2974 712 1114 2007 1673 2317 494 3529 759 1710 1340 1434 1308 848 2111 724 1530 267 3237 2966 513 1099 144 3883 595 
3917 2583 2283 412 1230 1114 1400 3454 2935 1988 1313 3637 3101 184 3336 1500 1339 1525 2466 1322 781 2992 2231 828 584 3730 2401 143 471 422 2137 555 3960 2347 1603 3083 712 930 1449 1728 1874 2262 1621 2688 1762 542 3102 2248 3829 251 
1621 1357 2821 3371 2935 2416 828 2130 2399 225 2341 672 3826 1037 1057 3712 1874 3028 2096 2983 3531 1676 402 2719 1111 317 1203 2087 2027 3928 2128 3619 2431 2490 663 3539 3092 1477 722 152 3726 375 3469 3123 2402 830 3401 3047 3014 2108 
1272 605 1189 1454 1132 3972 2039 3926 1693 1716 47 2087 2592 1690 1446 2148 2047 2462 828 3368 3603 2128 1659 1814 598 3699 3089 1064 2178 529 385 1174 553 240 2235 1586 3406 1153 3251 1611 786 3992 1994 2684 381 731 3826 1378 1535 125 
1204 209 1687 3136 2684 3053 2064 1447 668 2215 3251 2892 1249 1984 738 664 3995 1423 3533 1476 117 1697 3496 1611 2545 3312 552 527 3955 2302 1318 2150 1699 1333 3777 937 1452 3698 381 1357 785 3081 1949 645 2237 140 68 2332 2595 1285 
1016 33 2860 3140 564 2580 37 734 2801 1835 3425 3921 1476 2545 2574 2569 2139 261 751 3858 529 3980 2001 2684 1456 1235 1917 3712 582 3223 1127 2579 2800 3281 2552 2239 538 2427 786 1163 2357 652 2859 3114 2623 1614 1710 600 1762 3063 
2718 1191 1264 1316 1127 2051 1531 1151 3526 23 1481 3321 2563 830 2882 1268 1664 396 161 954 2555 2968 1001 1056 2397 2068 1512 468 2217 1510 2067 1101 417 1283 3140 1520 201 2707 1983 331 922 1683 3905 3806 1945 1163 833 3460 2163 1160 
3052 3761 2351 1412 1250 3236 1171 2307 1508 3709 3111 1496 1622 78 1731 3318 1154 3182 428 225 2147 2948 988 1257 2661 902 3521 1842 506 2397 1271 3441 3699 2302 2644 862 2588 2010 2207 1151 1264 3469 37 1613 1205 3016 1618 1369 2340 2925 
2291 3888 3030 2327 3889 2816 1516 1258 3022 764 1094 3633 953 3615 3823 2509 1204 1837 1638 3097 3478 2147 2644 1059 1508 2286 722 408 2389 1084 948 3243 104 3462 2260 3315 154 2046 2769 1154 639 3579 289 2905 3308 495 3414 3492 74 3008 
1594 1401 3282 1966 1119 3636 1371 40 946 121 2397 1380 3889 3002 1392 1441 1560 3523 3047 835 2883 315 3036 2235 3744 2580 482 3235 2586 3867 3349 269 74 2048 154 2533 1150 3914 1654 165 2844 3798 2232 408 2470 943 2443 3100 1213 1532 
304 1605 103 84 2580 2819 1305 3293 3627 775 91 2328 652 738 1877 860 489 2535 3523 3073 1652 1675 889 1800 1350 3639 3196 2981 1371 1150 3337 2639 740 2582 1056 2888 878 560 1246 2979 2226 458 2169 2298 3161 1681 28 3922 289 1472 
3704 2298 2633 3159 3879 2862 1408 3139 3362 2674 877 1772 876 1710 2838 652 1996 458 3315 1821 3377 2699 2698 976 413 1427 3428 3376 3248 3320 1157 2908 2192 3912 842 1137 3614 3145 2226 1668 3714 483 3507 2064 2096 1604 23 2139 3739 3578 
3467 1781 3204 3112 1089 3490 604 3045 1285 1415 1469 1484 2018 754 1943 2985 3057 1070 1483 3595 2201 876 1558 1099 2755 2298 95 2089 1472 1298 3741 39 3156 604 3522 1685 1951 1428 379 2707 2103 2890 1377 2664 3702 1823 3885 3143 2197 1630 
1978 2266 3897 2539 2936 450 420 2385 2768 992 1724 2940 3412 3881 313 2745 3085 243 1642 3316 1388 2190 1937 3407 2419 2398 1947 195 2337 3151 2081 374 1978 1636 2981 3507 2444 2546 3424 50 754 2452 2660 540 1558 1811 876 3300 1181 2805 
3377 2547 2363 2568 2919 2570 3059 2245 2959 2452 3480 1133 3185 3687 1158 1267 2385 2510 282 2516 1210 3675 1809 1067 2745 3727 3243 216 1174 1555 699 1916 1579 1214 1376 1740 3146 414 1811 2190 2599 766 676 3035 2334 3267 340 2423 218 354 
2526 3349 2928 1610 958 1508 2567 954 2963 3895 2978 3750 2828 870 753 2630 2536 2965 1215 3215 3701 1736 1639 282 1294 1984 1519 376 2668 616 703 1133 1814 1755 1340 3194 131 2896 3940 2511 2046 2693 1869 1085 2919 2104 472 1974 103 1468 
3378 1056 801 1778 2253 1265 1744 2369 3750 2071 155 2222 3811 3495 2548 2656 3784 977 3199 730 3684 1724 1610 3239 296 1971 3530 1222 3755 1138 163 1281 3940 113 2103 2680 578 1509 2928 112 3357 785 1950 3180 2540 1618 2362 2947 3548 3691 
195 129 177 1730 1328 514 538 2965 78 1934 1091 3550 527 3979 999 623 3684 247 331 43 3929 457 919 303 820 1253 2115 2565 943 3622 1222 960 3304 595 1969 280 268 1009 169 2016 2167 946 1768 3316 568 3691 578 869 2448 828 
1730 2245 1299 1225 500 2352 3328 300 595 3045 1195 2719 2065 3954 3744 2983 855 2359 478 3842 671 2052 2965 2670 1217 2589 1854 1617 3983 3779 3263 3387 650 2131 8 3325 2973 2194 1095 268 3261 2909 3290 2208 265 381 1898 2960 1191 1221 
2742 480 1729 3847 535 1498 1583 2589 2980 1474 161 2761 1730 1085 1419 2926 2593 3197 2465 53 2842 1900 2555 2733 939 300 3060 2895 3564 1190 3486 917 2119 3264 2674 2604 358 3516 1655 3153 2579 404 1029 232 1982 1055 1041 578 1550 3309 
3503 1740 3010 3127 535 2407 3436 758 132 1969 3244 1076 107 94 1340 313 2732 3240 2634 1055 2571 532 1672 390 2074 880 53 692 259 2892 1182 3551 1578 3357 3820 3585 483 2616 2670 712 3343 384 3814 2909 735 3188 1652 1003 1576 1411 
3343 3623 412 2521 3624 292 2984 3122 2771 1712 677 1216 711 1844 2338 2051 3865 2296 2094 919 1956 3495 2055 3503 2754 479 3153 1333 3001 1390 2637 894 174 2951 2277 302 3870 132 520 1488 1345 3490 3013 576 3116 489 1540 2513 3505 3117 
1374 2551 1394 1526 1018 9 2798 783 763 3790 3171 154 3291 2399 1712 1277 3280 966 3796 1033 1880 601 2364 2196 1532 2729 2513 2583 410 411 2951 2097 287 3979 2850 3821 1241 2396 2649 208 1017 857 3420 3133 2905 2032 3341 642 3131 300 
2300 2536 156 3280 2919 3334 2615 2575 1353 3025 1969 881 967 3005 650 3220 2345 3977 2032 1803 1829 1523 3891 2542 1308 1706 2806 2798 411 3571 3360 1493 1040 1647 2200 1115 3761 3806 2583 2948 69 2989 638 3365 3118 3501 1211 968 1368 558 
3957 1386 237 3863 1026 901 2273 728 2742 1223 558 2679 1967 1154 3294 117 1242 1674 3095 1522 1012 3896 803 1714 2823 689 2536 3248 248 3101 1464 906 3123 144 1043 3424 1948 1040 468 3185 3649 2848 1727 2164 609 2925 2642 2978 3911 505 
505 3285 2706 2401 3770 915 599 933 1062 351 1060 1200 2792 1697 3175 2920 3647 9 201 1447 462 3770 2540 3863 1380 639 1120 2593 3809 2836 3032 51 2799 2119 3824 3531 3715 1907 806 2960 3222 2340 2137 1300 3901 1863 2903 197 689 2172 
2010 981 1005 2955 2354 2274 3947 3558 482 2330 2024 1624 264 289 807 879 1310 3744 3441 865 3521 462 2225 265 2517 2305 2579 2130 3144 2028 2651 428 1604 3636 3633 2792 1179 1503 2965 1632 3635 168 1463 2602 51 3138 706 282 2233 1363 
1313 3247 2850 3026 3195 3800 2481 3057 1690 2988 2173 1974 1145 3827 3526 706 2951 2930 2002 2239 3189 3743 759 3157 2702 3210 1218 3519 3705 3235 3070 2126 2593 3974 289 812 3636 485 807 3002 1015 2915 1581 2538 2399 3040 3809 3838 3728 726 
2421 2248 3189 2994 2568 1403 1485 3713 1683 2664 1642 1198 2003 2789 1145 3781 2058 3129 2002 2041 2476 935 788 3626 3000 1375 846 2783 620 1483 3750 2480 2676 3140 3379 1695 714 1593 3619 1548 144 887 492 708 1293 2470 1859 1864 1924 2780 
3750 3699 2994 2217 900 492 2759 1318 659 1612 807 1258 2370 1773 3565 3652 2133 1024 3205 630 1690 2099 2082 2948 1247 685 1181 1337 1314 1585 2465 2622 3525 1014 3860 3544 1302 333 3954 54 1519 608 3277 304 177 383 270 1825 2727 940 
1294 1583 2838 1805 1798 2272 3019 1305 3200 3827 2557 3523 3666 190 1139 685 3551 2942 3721 1258 1767 1534 3779 1959 1615 153 3239 747 3423 466 3511 3522 861 3295 1225 1839 1867 2664 206 2024 3973 98 1773 945 3906 1030 2518 3042 2397 2993 
2810 4 2250 3785 357 387 466 2802 3056 3940 994 502 1322 1043 747 3412 1465 1242 582 2585 1535 1743 1005 989 1478 2504 218 1084 1588 1367 2532 510 1526 416 2729 690 3721 2234 2663 2907 924 2579 1014 1488 3759 1328 1007 3850 3385 114 
2455 2730 80 994 3910 175 16 1378 2626 2506 1979 1432 1926 736 1370 2152 3785 741 3276 567 2621 1965 1896 262 1247 1479 106 67 1437 2929 3921 3224 3803 2926 3041 2277 3376 1536 1666 1525 3731 3000 1004 61 1514 284 797 3669 1855 2617 
1964 2783 3413 1951 1920 1856 1352 3266 639 1009 3980 3153 487 747 1894 441 1915 1974 2454 3758 877 3672 3994 3395 2957 1984 2350 1117 329 3599 2264 1378 612 1337 1882 780 1772 2364 2961 2500 206 3718 1581 1973 2826 1710 994 1147 1979 3814 
2244 2755 1788 3848 933 1205 2108 3118 3011 1701 1340 463 659 3544 2992 3733 206 1254 1726 418 762 3890 3153 3353 838 1007 13 1479 2866 2024 3959 53 2648 2961 282 1814 2781 1846 2228 3361 3454 1824 1273 2931 1074 3797 2784 2801 1224 2708 
3712 3735 525 3515 3040 47 2611 2305 1589 3597 3781 1260 2957 1762 1378 452 77 1912 3379 1205 632 1427 222 3425 543 2206 3754 3582 1408 2720 3118 3908 3094 208 218 3581 3159 1398 3681 1254 3265 2657 2375 3580 3055 986 3894 1340 1002 44 
958 1949 634 1301 228 3055 3251 1175 3425 261 3606 1142 905 858 2109 1556 1599 1974 2219 1819 705 50 2898 3749 475 1594 2880 2929 181 3879 2865 675 3225 773 1133 1225 3589 3027 3076 1205 3036 3917 1970 379 1141 1565 2170 209 993 1532 
408 565 2264 3153 3098 3646 947 1447 2726 1712 3929 2321 3260 3694 1952 1069 1369 2885 1175 2883 2334 1146 429 2948 1371 905 1997 984 3669 1215 768 3199 3091 1658 3786 3932 1141 1576 2680 2291 138 3448 462 78 2026 3226 3169 2299 2358 2407 
1851 2176 3744 409 1921 1398 142 2137 2468 3583 74 2838 2663 1119 1127 553 1379 3978 2883 563 3694 2085 1064 1696 360 1603 167 3756 3901 1510 3786 3525 604 2018 63 1113 2725 1980 961 3229 1943 3615 411 2765 1724 2380 2016 2858 1576 3095 
734 2920 2428 2436 1408 2237 1684 3732 792 3124 3229 3049 1622 263 875 3176 2020 521 1092 1077 2504 375 3699 1602 2085 3475 973 3695 1242 2883 3109 1617 3261 3487 2028 3116 401 1574 2449 2993 2318 3710 2090 650 2064 3181 2435 3358 2255 526 
2372 179 3200 2322 2091 738 352 2766 1326 614 1391 1306 1791 2765 3013 3776 1013 1168 644 1763 1585 3223 3295 3388 914 44 792 3229 2253 3662 3988 3475 2045 1637 3504 1705 753 1862 297 1061 3785 3449 3913 1542 479 756 3757 870 2041 3264 
3203 3120 3504 1556 891 3718 938 1219 2846 2003 569 3031 1271 1568 3116 573 3743 2316 1226 1781 606 3839 3667 2453 1204 1128 252 3422 3178 1959 1702 146 590 1862 2279 3102 2273 3907 512 1364 2524 2462 602 3744 283 2861 2293 1945 614 3152 
2020 1620 1220 1202 1507 3566 2872 574 2858 2253 3416 3242 1778 2186 2003 569 2854 1388 3989 2444 3173 3277 173 3740 2348 1937 2614 526 3187 1542 956 1337 2578 590 1823 727 2879 2621 2065 2221 3504 3657 709 3327 564 195 1717 334 616 1980 
1734 2713 2491 2944 3125 3287 3566 3562 3907 740 1954 3615 1778 1366 1898 213 1701 963 654 3467 160 2505 2618 2258 611 903 3610 3552 1817 2677 592 2127 3612 1788 2674 699 1578 3843 1801 2324 3104 3828 2455 3187 3744 1985 2499 2646 609 501 
1255 1576 877 3604 2481 604 3175 2687 3976 3989 3486 163 2646 907 701 261 3432 1059 2399 923 3243 1876 2497 1572 2459 757 1864 439 3267 2418 1734 1393 1175 849 87 1035 3460 2128 363 1754 2405 1899 1285 2053 903 3355 1578 3560 2885 1209 
197 2512 1059 1816 395 1183 2647 1162 2333 243 764 2015 2160 330 3361 2262 1385 721 3064 1853 1466 52 2863 3484 3153 3637 343 632 202 2006 2672 1969 821 1572 1119 923 1918 908 758 1839 2674 2379 349 3494 2418 2008 674 3272 156 1661 
798 1488 2771 2245 746 410 726 977 1451 764 169 2615 3789 3561 1464 3014 152 293 3934 961 1337 2782 3690 177 2034 2146 941 833 2549 1836 2015 3901 3341 2169 1493 10 1613 1089 1717 1027 1521 3104 1466 2740 1236 1336 3244 2652 3278 1898 
756 123 2344 3189 1343 3330 3823 2498 1159 2750 1637 2665 3165 1968 1428 892 1466 2896 423 1997 2839 3296 665 1089 3434 3323 3055 2849 3794 952 303 2339 3238 3245 1214 1346 1442 2034 3604 571 2683 3214 3766 2718 2262 3334 3781 1096 956 337 
3336 947 311 1159 3323 3706 456 1274 2034 427 3570 1915 1734 3819 3525 1097 2167 3420 2125 3496 3357 3017 1787 908 894 2181 1325 2233 462 1222 1832 1351 31 835 3218 1203 3012 1889 3429 3602 1442 2565 3327 1770 3131 3165 3368 358 2239 2594 
3025 1053 3270 1832 2094 2265 34 3296 1765 2758 220 890 2157 1318 130 3746 1164 2304 357 1935 413 3488 2090 774 1962 1733 3525 1344 2670 3476 1658 1161 3071 932 3119 3449 1396 2255 1009 3568 3918 3834 3706 111 3830 3391 881 614 3971 3581 
2090 111 3088 1658 2964 543 2094 1344 297 2798 773 984 1015 329 3559 2702 718 3745 3644 838 712 1632 3567 2202 2848 613 498 2132 3927 3104 2968 692 2916 253 1412 2325 1336 307 3099 3604 1528 630 1041 2418 3992 2650 587 2695 3938 2449 
2626 2055 1942 1316 3768 2123 2649 1891 1589 2208 3829 1694 3927 34 1713 2510 2897 653 3112 131 2116 3074 83 1414 2707 2896 1590 1444 2880 981 2032 3473 933 2154 1528 585 3626 729 3593 2362 1654 2126 1442 2942 2974 2841 3099 2084 3723 1100 
1829 1287 2704 3625 936 1469 3515 2508 3549 997 3266 317 3868 973 1072 26 1589 2459 2980 110 559 3927 72 1209 2655 1207 2233 3765 981 164 3775 1575 443 3750 489 3955 585 179 1100 924 716 2881 895 1459 93 416 1345 37 1769 2384 
2718 2444 924 3769 863 3470 853 3002 1850 315 2302 3915 2790 1129 2263 2094 532 211 3535 3751 1211 1975 178 2545 1680 895 2424 54 1513 318 1267 2086 2547 1978 3523 2634 1624 2700 2240 1941 2006 1386 3321 2246 2620 1629 2655 998 2999 3485 
2153 3213 1369 1738 3769 3362 1201 535 3488 2312 277 2751 1389 162 2318 529 1871 2896 2094 2658 3615 2806 3223 1212 3113 3191 3830 3673 1808 188 472 2443 2201 3154 2873 2992 216 647 3366 1782 3001 1883 2641 2036 350 2477 2878 1625 2417 2839 
2370 2539 259 3792 3974 3154 2534 3191 963 783 962 3045 3361 853 3911 3720 14 583 1753 3164 3226 3673 693 2839 506 1836 551 2917 1581 1841 27 3219 3078 2305 480 2154 3806 1596 1875 3147 3381 1767 2888 60 3384 3668 2620 2215 1423 717 
3099 2239 2676 1199 2117 303 2179 1725 1767 3174 3705 705 2917 3677 1254 3078 1921 1320 1929 2940 43 1417 3521 2721 3994 3237 1078 2005 3973 1676 2580 2026 3496 3946 2669 3500 536 2819 2524 2488 384 1171 1356 3342 457 3105 1910 3785 2425 867 
3260 544 1898 1850 3465 2727 2216 2051 1395 2163 1247 1208 2228 1555 1212 1319 1491 3677 2402 2363 3421 3676 3670 1413 1791 3542 569 2905 591 2933 3331 1171 1129 2941 1132 1990 925 1706 3675 306 722 3057 2876 3529 3765 2432 2183 3344 1921 330 
885 1885 1727 3288 2627 2727 1641 2279 1712 3594 1951 3960 1862 2140 1473 2059 2721 56 3789 2378 3520 362 1596 1486 701 1212 2364 3560 823 2747 1138 3387 3112 3557 3197 1876 1428 800 3761 2639 2596 1715 3379 1985 543 2426 858 731 3396 331 
3351 1041 948 129 3413 3545 1997 1550 846 1807 2832 1693 1302 2263 2332 1987 463 383 3846 1551 1403 435 3520 679 2421 25 551 3332 800 1318 3702 3211 442 3709 1525 1212 157 994 1936 1623 3030 3369 3917 2364 1217 3744 986 3942 3616 2243 
3195 1605 1699 581 3041 3100 1341 679 2860 3357 1230 3496 3254 2542 3582 1379 1758 3058 1566 2822 474 3634 3906 1860 2796 2624 3438 2641 374 3858 3356 535 806 2163 3854 1690 877 2255 3265 1789 2536 2681 1212 26 3728 3709 732 1026 82 3371 
800 311 3686 2857 2228 1712 3086 3132 1414 536 373 2423 1750 2870 2838 394 15 3440 2163 452 2255 894 51 3521 3826 2971 2696 1828 920 359 32 3100 2817 1677 44 1240 1482 3006 1824 721 1029 1806 3663 3354 1833 436 3741 3867 2724 2581 
3859 767 2285 1003 3954 3617 2185 2172 1267 3028 1986 688 1598 1103 325 2281 1247 154 461 1275 2421 2674 3693 2107 2652 972 876 3193 3813 1892 1010 3468 1251 2636 424 2728 394 2561 344 3130 1414 3158 3692 3634 3686 1154 2437 3494 2808 3952 
3625 1004 2281 3486 3300 1043 1215 1724 530 968 1319 3647 3360 3110 1966 1568 2343 2164 3942 1448 3196 3379 2512 58 1218 3003 1741 3905 3183 2390 250 2643 2268 1353 797 526 3407 1832 3064 1488 3249 2897 893 907 2372 2421 833 2426 2086 1270 
2610 1990 3487 347 2515 3556 2714 1958 1730 758 1936 3651 369 3698 3298 382 3486 2790 3576 3864 590 342 2956 2433 2896 3209 1843 1368 3878 1568 1586 1748 1497 1705 3203 2837 454 1208 3359 3685 3124 521 154 639 3515 1296 2294 3065 2086 1799 
1403 830 3100 2873 3081 1674 1745 2092 1821 2194 3783 241 1089 3419 671 3633 3912 3133 531 2233 2635 1300 2853 2791 558 187 3984 1319 3659 3915 2520 347 2261 437 3065 2812 2618 2744 2959 3278 1936 725 3542 818 2889 883 3394 3452 3611 12 
3415 462 607 796 2647 2638 286 3986 426 2696 284 3170 3829 14 666 2325 2912 3788 3248 3542 1441 1074 3896 374 3792 3105 3386 2263 1967 2381 188 3761 82 1179 1494 2940 2241 2610 2809 2558 786 2081 946 3079 1435 1378 1297 3683 1126 2618 
1471 3511 1206 1591 205 1399 3660 3794 2647 3803 2392 1153 462 2581 1059 3973 2250 1126 2613 1376 1493 596 3870 95 2910 3735 230 3145 1545 2994 3571 1232 1820 512 1010 3873 1202 2464 2515 520 637 2665 3889 3781 306 2673 3592 2248 3020 1563 
2630 650 397 2138 1239 578 522 1710 623 2448 2609 519 1736 3104 3217 3149 2185 3497 1222 863 317 72 1620 1197 2746 3609 3511 3062 2050 220 2375 2151 1258 2914 1609 1855 3144 2261 2748 1101 3856 2550 1658 3922 1709 2515 3810 3076 3437 969 
2206 3723 3217 1063 3446 905 2458 2644 956 3866 2795 3762 981 2524 1257 3136 3452 2185 2565 1175 676 1709 3731 882 2720 991 3167 1823 368 814 597 2232 608 1433 2904 2975 936 1350 1000 2748 1576 673 2599 2432 638 3157 2891 2511 443 3442 
1293 399 1934 368 1195 2430 2970 1940 3946 3808 320 68 3083 1234 265 2264 509 597 376 1269 2657 1711 2840 2393 2085 2026 1465 932 3697 2810 3716 3802 1282 1868 352 73 2141 3932 2138 3939 3982 3670 3399 3194 3720 2516 3014 2754 3303 2531 
2943 2210 3932 2705 126 2498 1183 1365 3233 1150 2024 323 3133 1843 1895 1909 105 2134 1947 839 1792 708 346 161 827 1711 3422 480 2113 2357 2477 3796 163 1758 1912 27 2455 3302 1301 23 961 2523 2033 3545 59 2879 2379 1968 1113 1500 
278 2202 734 375 2214 3184 3852 77 573 3825 561 1038 323 1401 2446 1909 2261 3646 2423 2209 1615 2018 3189 3469 3618 1011 2962 599 617 2302 2102 259 1241 1455 3679 2800 248 1889 3513 2741 484 903 1766 400 3634 471 1433 2625 3409 2072 
183 3618 2798 3289 2457 1616 3843 1605 3022 1687 1401 1061 2335 3833 1019 752 2031 1556 2409 3093 407 3434 242 1890 575 3453 1017 3642 1437 2002 355 1426 3246 1251 2911 3604 681 720 2333 790 699 259 2490 1546 564 103 3861 1237 169 3170 
3908 2910 2735 296 2181 1337 1420 1235 2225 685 883 2647 1205 623 543 3071 127 519 2990 3486 3188 2569 89 2682 2069 1100 259 1667 3982 721 1632 576 2985 3553 2791 544 504 3898 3863 1846 2727 3826 1501 2968 3460 881 2019 2490 1144 1096 
3483 3371 1569 1647 3887 2482 3507 1352 1568 783 3071 514 699 582 1801 638 714 224 1463 3857 2115 3030 3413 2845 3080 1394 909 1282 118 3338 1574 2325 1905 348 2822 1035 2980 1667 1742 724 3299 863 3923 14 328 331 2244 2985 2186 919 
3402 3676 1847 327 2646 1562 2440 1971 2903 586 3761 3558 2115 553 317 3499 1760 1076 923 649 2119 3150 1684 3574 2619 2814 2482 166 3767 3458 2479 2098 3591 3602 405 3566 638 1895 2405 2572 1962 3018 1609 2221 910 257 1782 1163 3572 1192 
1131 3169 1367 2978 1396 2881 4000 889 638 3946 3316 2059 3702 781 3013 472 752 1228 3649 2264 96 459 487 3516 531 2796 327 1376 548 777 2221 1996 237 884 1926 2147 3451 3266 3172 2732 2033 2318 2211 3892 3922 3605 3067 1852 925 1989 
660 3637 960 3992 2172 3955 2857 2300 443 3302 967 988 506 2230 2054 3224 3173 999 2493 3129 1852 520 925 1497 1656 3280 2451 1918 1555 2785 438 3471 1476 635 345 418 3543 1648 3123 2868 559 1559 3168 2053 2276 2218 2969 1046 2762 1701 
2558 1774 763 1703 3996 3209 1876 1266 454 2886 2112 2744 3997 1901 1420 2609 457 2385 3752 3238 3814 2941 89 162 2575 2369 1665 2040 2358 3618 1848 3894 366 660 2312 432 1803 3561 28 1347 873 606 260 1701 944 2533 3437 1304 1556 3732 
2363 232 579 3571 1538 3802 1602 1774 1982 3256 1089 1297 1846 2656 2455 2432 3923 1217 128 1989 2701 1315 2956 2632 2493 3996 1477 399 2829 3612 2996 1323 2206 2798 3349 2847 3494 2318 3029 2878 1180 2223 1901 1363 2374 3458 3722 1086 3674 541 
3938 1709 1881 3853 2033 1565 264 1391 1457 298 2218 1254 895 3902 1253 768 3429 596 488 2372 3001 3778 1750 716 3113 195 185 758 1485 934 2106 1423 1492 2206 2374 2775 2125 55 2320 3036 980 447 350 3621 553 182 2866 1956 1238 1948 
1132 2951 3762 246 999 1772 483 1948 1774 190 3868 146 1544 2197 3090 2464 1618 2322 1033 2085 1724 953 2645 884 519 2029 441 1868 354 608 3368 2403 2438 307 1941 3323 3518 396 1892 2907 2569 3154 2318 3236 1556 3374 45 298 1643 3515 
3175 694 740 1271 939 2037 1723 3521 1543 3851 1246 2817 631 853 2210 825 2570 917 244 2358 246 3076 1440 3819 3639 3077 1401 1248 3258 2691 600 3932 251 442 2082 1867 1151 2135 2407 131 3414 2865 2672 2005 493 474 1925 1182 2818 3963 
727 3469 2546 2439 3927 3283 232 2074 891 1025 2487 3335 3951 107 2157 1149 2356 2252 2857 516 1951 2565 3214 3295 3908 2313 390 2692 3639 1398 2009 1002 3798 1879 2622 595 1619 2505 3032 2601 1970 1410 840 1641 330 2273 1560 1314 1338 1773 
289 79 2416 3870 1282 3643 3483 3580 1931 2150 3050 2711 216 493 2303 3455 642 2550 2356 2523 30 1419 3091 3844 3747 1703 2543 2060 2736 650 25 1861 3245 174 1090 462 476 1216 3858 1428 1276 165 107 2674 1616 1772 3975 3486 2767 1553 
2992 3421 1142 1081 2900 241 1740 3206 831 2852 3044 3107 2244 1169 2957 548 2969 3501 2613 927 1239 2379 3870 1855 216 2808 441 3629 1961 3234 3795 3311 3460 3267 2457 1501 3668 121 2296 3012 3420 991 1841 1777 3051 2095 3957 2366 2822 357 
537 1410 820 1142 3502 736 1521 2822 3744 145 852 1080 358 2215 2460 1828 914 1807 3817 166 2749 3235 2298 3298 1251 393 2177 2462 2961 628 75 3423 3133 1633 3523 215 1409 281 811 3593 1311 729 2312 1163 2223 499 979 3400 1812 3006 
3520 2110 450 1328 1724 166 2655 1228 2440 1179 2728 3755 1312 386 1335 2970 3757 2199 1545 3886 2681 397 2294 93 1587 2184 1188 2164 17 2838 3206 1108 1264 735 3576 601 2122 10 3509 2917 1575 2139 2216 2699 3014 2802 948 1930 3342 3298 
2965 1667 1021 657 3572 1472 2629 2869 3979 2188 465 1933 3266 3092 3420 1934 771 1045 105 2216 20 1995 2933 1179 2694 2359 390 602 732 384 2223 473 3161 2055 941 1712 288 1968 2105 535 97 158 3739 2938 294 2608 720 2810 165 3892 
