5 10 10
10 64 49 80 54 32 56 4 95 59 
22 57 29 6 80 96 65 33 74 93 
43 72 22 86 36 28 20 63 23 10 
87 48 51 70 93 25 49 23 63 12 
23 73 2 66 94 11 92 6 26 63 
100 1 24 53 40 71 33 63 34 73 
93 100 86 85 11 83 40 7 58 34 
85 51 54 46 40 83 2 8 24 41 
10 51 40 30 44 94 60 2 58 99 
100 2 15 100 17 70 31 58 67 82 
70 95 13 94 81 60 31 18 14 52 
71 26 79 9 27 62 46 30 95 52 
80 67 36 8 90 95 48 27 47 78 
47 80 86 19 7 22 48 77 75 22 
91 56 75 22 22 84 96 14 72 36 
50 38 45 8 4 36 36 84 17 34 
61 33 68 7 38 37 57 25 84 73 
2 82 4 51 2 68 39 89 7 37 
2 71 2 46 29 4 39 57 7 71 
36 36 84 93 46 22 40 89 57 10 
57 51 61 36 85 3 10 88 42 25 
78 62 25 36 6 12 12 42 81 94 
30 78 39 82 36 98 15 39 40 42 
97 4 97 90 68 13 67 98 46 40 
13 95 68 4 48 6 2 45 59 43 
57 41 56 19 43 44 79 59 78 59 
9 44 79 28 21 56 97 80 46 22 
32 1 97 22 56 81 8 52 73 32 
27 81 79 38 49 49 32 50 75 27 
50 33 65 26 28 32 45 54 54 56 
50 78 91 38 83 33 54 46 93 42 
76 78 34 65 49 70 18 49 64 46 
37 46 78 32 70 17 10 1 7 28 
10 80 52 9 15 46 81 7 16 9 
35 81 2 9 69 11 74 50 71 46 
21 61 87 69 64 3 21 71 13 41 
61 1 65 69 41 14 79 80 16 88 
53 55 86 68 42 15 84 1 41 56 
22 41 99 42 74 96 3 9 96 55 
100 28 77 14 5 99 96 87 100 52 
19 43 10 100 67 71 89 14 87 86 
86 28 67 91 64 98 17 20 17 26 
92 34 17 28 56 27 61 25 13 91 
7 76 55 71 93 27 12 37 72 17 
12 22 39 88 21 94 28 52 37 19 
19 16 5 81 97 20 21 60 8 81 
79 85 76 68 4 24 60 37 28 81 
65 73 90 25 47 89 50 3 4 31 
83 30 50 57 68 20 26 38 58 44 
88 1 11 20 9 94 58 42 46 76 
