10 5 10
83 77 55 70 75 9 65 72 89 63 
12 55 61 60 79 62 100 18 68 70 
64 56 99 38 24 40 62 65 70 97 
7 40 3 52 60 38 24 31 77 82 
43 27 85 30 40 24 16 98 22 14 
70 88 80 56 1 76 74 4 22 16 
81 74 52 89 95 69 38 80 16 9 
52 36 81 68 28 87 21 44 2 43 
32 5 52 16 71 22 42 11 58 2 
47 44 45 69 64 71 17 5 65 76 
25 31 76 94 67 59 69 53 44 19 
54 69 11 53 19 25 98 64 76 26 
82 54 91 67 83 69 36 21 51 76 
76 62 1 63 40 8 37 83 12 37 
96 83 19 44 17 26 12 90 13 89 
94 12 85 57 44 56 4 99 17 21 
2 73 60 75 10 64 62 85 57 41 
10 46 18 56 7 2 8 61 36 75 
14 3 34 78 51 95 2 50 18 31 
71 3 78 99 80 22 23 20 51 51 
69 59 99 40 11 16 76 76 71 80 
99 40 96 70 55 53 68 36 76 80 
82 60 82 95 40 17 55 2 58 76 
17 94 95 91 35 24 31 47 78 6 
34 14 55 13 8 91 8 19 35 6 
8 91 88 96 64 42 57 22 8 47 
7 29 93 9 11 13 64 48 38 8 
93 89 64 93 81 76 7 38 93 89 
4 58 13 19 90 62 93 80 99 26 
24 87 13 54 36 62 29 94 80 24 
13 97 51 36 84 91 45 30 91 28 
59 20 57 13 43 53 64 43 55 45 
7 26 55 36 73 59 42 16 73 20 
1 40 59 79 42 85 20 73 1 31 
66 90 18 69 37 43 69 69 42 85 
22 90 18 90 90 77 21 68 56 25 
90 98 90 42 9 60 81 54 35 77 
86 31 55 79 77 98 39 74 42 78 
34 12 98 39 23 81 16 86 71 47 
34 72 71 18 76 86 53 40 13 25 
57 26 32 34 53 96 40 46 41 63 
32 77 76 55 24 63 90 15 38 57 
63 18 57 5 64 87 35 62 15 7 
100 25 15 57 65 27 21 83 3 5 
81 59 37 27 49 57 89 48 84 56 
16 56 63 59 78 84 90 3 100 44 
87 59 39 87 91 49 11 44 40 17 
94 68 31 7 74 54 91 32 49 93 
36 88 54 65 38 94 66 30 50 92 
76 46 38 93 91 25 78 18 44 99 
